1:	1.0	0.0	-0.016140881454769114	0.01614088145476911	0.03228176290953823	0.8784314297381473
2:	1.2	0.0	-0.019369057745722857	0.019369057745722902	0.03873811549144576	1.0541177156857762
3:	1.4	0.0	-0.0225972340366767	0.02259723403667674	0.045194468073353436	1.2298040016334053
4:	1.5999999999999999	0.0	-0.02582541032763058	0.02582541032763057	0.05165082065526115	1.4054902875810356
5:	1.7999999999999998	0.0	-0.029053586618584353	0.0290535866185844	0.058107173237168755	1.5811765735286638
6:	1.9999999999999998	0.0	-0.03228176290953819	0.03228176290953813	0.06456352581907632	1.7568628594762918
7:	2.1999999999999997	0.0	-0.03550993920049189	0.0355099392004919	0.07101987840098378	1.932549145423922
8:	2.3999999999999995	0.0	-0.03873811549144578	0.038738115491445874	0.07747623098289166	2.1082354313715532
9:	2.5999999999999996	0.0	-0.041966291782399634	0.041966291782399585	0.08393258356479921	2.2839217173191795
10:	2.8	0.0	-0.0451944680733534	0.04519446807335348	0.09038893614670687	2.4596080032668124
11:	2.9999999999999996	0.0	-0.048422644364307224	0.048422644364307224	0.09684528872861445	2.635294289214438
12:	3.1999999999999993	0.0	-0.05165082065526118	0.05165082065526115	0.10330164131052233	2.81098057516207
13:	3.3999999999999995	0.0	-0.054878996946214884	0.05487899694621495	0.10975799389242984	2.9866668611096956
14:	3.5999999999999996	0.0	-0.058107173237168706	0.0581071732371688	0.11621434647433751	3.1623531470573276
15:	3.7999999999999994	0.0	-0.06133534952812246	0.06133534952812241	0.12267069905624486	3.338039433004958
16:	3.999999999999999	0.0	-0.06456352581907639	0.06456352581907626	0.12912705163815263	3.5137257189525837
17:	4.199999999999999	0.0	-0.06779170211003013	0.06779170211003024	0.13558340422006038	3.6894120049002153
18:	4.3999999999999995	0.0	-0.07101987840098378	0.0710198784009838	0.14203975680196756	3.865098290847844
19:	4.6	0.0	-0.07424805469193767	0.07424805469193796	0.14849610938387564	4.0407845767954855
20:	4.799999999999999	0.0	-0.07747623098289157	0.07747623098289175	0.15495246196578333	4.2164708627431065
21:	4.999999999999999	0.0	-0.08070440727384533	0.08070440727384538	0.1614088145476907	4.392157148690731
22:	5.199999999999999	0.0	-0.08393258356479927	0.08393258356479917	0.16786516712959842	4.567843434638359
23:	5.399999999999999	0.0	-0.08716075985575299	0.08716075985575293	0.17432151971150592	4.743529720585987
24:	5.599999999999999	0.0	-0.0903889361467067	0.09038893614670679	0.1807778722934135	4.91921600653362
25:	5.799999999999999	0.0	-0.09361711243766085	0.09361711243766059	0.18723422487532143	5.09490229248126
26:	5.999999999999999	0.0	-0.09684528872861445	0.09684528872861445	0.1936905774572289	5.270588578428876
27:	6.199999999999999	0.0	-0.10007346501956839	0.10007346501956814	0.20014693003913653	5.446274864376512
28:	6.399999999999999	0.0	-0.10330164131052236	0.1033016413105223	0.20660328262104466	5.62196115032414
29:	6.599999999999999	0.0	-0.10652981760147605	0.10652981760147603	0.21305963520295207	5.797647436271765
30:	6.799999999999999	0.0	-0.10975799389242977	0.1097579938924299	0.21951598778485967	5.973333722219391
31:	1.0	0.2	-0.015767258758738405	0.015767258758738377	0.03153451751747678	0.8387082567654461
32:	1.2	0.2	-0.018995370023757743	0.018995370023757695	0.03799074004751544	1.0140467847746042
33:	1.4	0.2	-0.022223499879634245	0.022223499879634238	0.04444699975926848	1.1894828716332648
34:	1.5999999999999999	0.2	-0.025451641350921858	0.02545164135092183	0.05090328270184369	1.3649804830080212
35:	1.7999999999999998	0.2	-0.028679790563879023	0.028679790563879	0.05735958112775802	1.5405193959653178
36:	1.9999999999999998	0.2	-0.031907945194948564	0.03190794519494852	0.06381589038989709	1.716087379787899
37:	2.1999999999999997	0.2	-0.03513610376584798	0.03513610376584797	0.07027220753169594	1.8916766011536983
38:	2.3999999999999995	0.2	-0.03836426529124167	0.03836426529124163	0.0767285305824833	2.067281810138155
39:	2.5999999999999996	0.2	-0.04159242908908029	0.04159242908908024	0.08318485817816054	2.2428993560120007
40:	2.8	0.2	-0.04482059467224959	0.04482059467224962	0.08964118934449922	2.4185266212462695
41:	2.9999999999999996	0.2	-0.048048761683572624	0.048048761683572555	0.09609752336714518	2.594161680066655
42:	3.1999999999999993	0.2	-0.051276929855192235	0.05127692985519226	0.1025538597103845	2.769803084048032
43:	3.3999999999999995	0.2	-0.054505098982293464	0.05450509898229353	0.109010197964587	2.945449722813696
44:	3.5999999999999996	0.2	-0.05773326890558805	0.0577332689055882	0.11546653781117625	3.1211007308339775
45:	3.7999999999999994	0.2	-0.06096143949933027	0.060961439499330215	0.12192287899866049	3.2967554234533725
46:	3.999999999999999	0.2	-0.06418961066292896	0.06418961066292894	0.12837922132585788	3.4724132519819575
47:	4.199999999999999	0.2	-0.06741778231495794	0.06741778231495783	0.13483556462991578	3.648073771535751
48:	4.3999999999999995	0.2	-0.07064595438879838	0.07064595438879834	0.14129190877759673	3.8237366175938314
49:	4.6	0.2	-0.07387412682942061	0.07387412682942045	0.14774825365884106	3.99940148863456
50:	4.799999999999999	0.2	-0.0771022995909673	0.07710229959096733	0.15420459918193463	4.175068133087974
51:	4.999999999999999	0.2	-0.08033047263492069	0.0803304726349207	0.16066094526984137	4.350736339402048
52:	5.199999999999999	0.2	-0.08355864592868911	0.08355864592868913	0.16711729185737823	4.526405928389205
53:	5.399999999999999	0.2	-0.08678681944451075	0.08678681944451054	0.17357363888902128	4.702076747264655
54:	5.599999999999999	0.2	-0.09001499315858975	0.09001499315858956	0.1800299863171793	4.877748664955796
55:	5.799999999999999	0.2	-0.09324316705041373	0.09324316705041369	0.18648633410082743	5.053421568377486
56:	5.999999999999999	0.2	-0.0964713411022052	0.09647134110220507	0.19294268220441027	5.229095359448498
57:	6.199999999999999	0.2	-0.0996995152984809	0.09969951529848113	0.199399030596962	5.404769952682938
58:	6.399999999999999	0.2	-0.10292768962569404	0.10292768962569394	0.20585537925138797	5.580445273231231
59:	6.599999999999999	0.2	-0.10615586407193843	0.10615586407193872	0.21231172814387717	5.756121255275567
60:	6.799999999999999	0.2	-0.10938403862671103	0.10938403862671094	0.21876807725342196	5.931797840707628
61:	1.0	0.4	-0.01539441737496722	0.015394417374967224	0.030788834749934442	0.8030501100141421
62:	1.2	0.4	-0.01862233306222052	0.018622333062220473	0.037244666124440995	0.9774002219742116
63:	1.4	0.4	-0.021850323315072515	0.0218503233150726	0.04370064663014511	1.1521210879803783
64:	1.5999999999999999	0.4	-0.025078360135802585	0.025078360135802624	0.05015672027160521	1.3270768002286089
65:	1.7999999999999998	0.4	-0.02830642798432987	0.028306427984329904	0.056612855968659774	1.5021907733619055
66:	1.9999999999999998	0.4	-0.03153451754294396	0.03153451754294392	0.06306903508588788	1.6774165134934724
67:	2.1999999999999997	0.4	-0.034762622885314676	0.034762622885314676	0.06952524577062935	1.8527241411201767
68:	2.3999999999999995	0.4	-0.03799074006221631	0.03799074006221641	0.07598148012443272	2.0280935695509843
69:	2.5999999999999996	0.4	-0.0412188663289578	0.04121886632895784	0.08243773265791564	2.2035107925550133
70:	2.8	0.4	-0.04444699975926849	0.044446999759268475	0.08889399951853696	2.3789657432673135
71:	2.9999999999999996	0.4	-0.04767513890782159	0.04767513890782167	0.09535027781564326	2.55445099902245
72:	3.1999999999999993	0.4	-0.05090328270184389	0.05090328270184372	0.10180656540368761	2.7299609660164355
73:	3.3999999999999995	0.4	-0.054131430321109876	0.05413143032111002	0.1082628606422199	2.9054913483352345
74:	3.5999999999999996	0.4	-0.05735958112775805	0.057359581127758	0.11471916225551604	3.081038791930845
75:	3.7999999999999994	0.4	-0.060587734618275234	0.06058773461827532	0.12117546923655055	3.2566006397601033
76:	3.999999999999999	0.4	-0.06381589038989713	0.06381589038989705	0.12763178077979417	3.4321747595759233
77:	4.199999999999999	0.4	-0.06704404811660898	0.06704404811660886	0.13408809623321782	3.60775942039532
78:	4.3999999999999995	0.4	-0.07027220753169595	0.07027220753169594	0.14054441506339188	3.783353202307472
79:	4.6	0.4	-0.07350036841484697	0.07350036841484717	0.14700073682969414	3.9589549295717426
80:	4.799999999999999	0.4	-0.07672853058248334	0.07672853058248326	0.1534570611649666	4.13456362027636
81:	4.999999999999999	0.4	-0.07995669388040927	0.07995669388040921	0.15991338776081848	4.310178447962948
82:	5.199999999999999	0.4	-0.08318485817816058	0.08318485817816049	0.16636971635632108	4.48579871202404
83:	5.399999999999999	0.4	-0.08641302336460682	0.08641302336460685	0.17282604672921367	4.661423814618968
84:	5.599999999999999	0.4	-0.08964118934449926	0.0896411893444994	0.17928237868899866	4.837053242492558
85:	5.799999999999999	0.4	-0.09286935603573097	0.09286935603573097	0.18573871207146195	5.012686552522516
86:	5.999999999999999	0.4	-0.09609752336714525	0.09609752336714511	0.19219504673429036	5.188323360133321
87:	6.199999999999999	0.4	-0.09932569127677107	0.09932569127677117	0.19865138255354226	5.363963329933792
88:	6.399999999999999	0.4	-0.10255385971038447	0.10255385971038453	0.205107719420769	5.539606168096073
89:	6.599999999999999	0.4	-0.1057820286203369	0.10578202862033705	0.21156405724067395	5.7152516161093585
90:	6.799999999999999	0.4	-0.10901019796458693	0.10901019796458707	0.218020395929174	5.890899445627402
91:	1.0	0.6000000000000001	-0.015022359652473215	0.015022359652473222	0.030044719304946437	0.7712389690379123
92:	1.2	0.6000000000000001	-0.018249948482361476	0.018249948482361476	0.03649989696472295	0.9440067823239445
93:	1.4	0.6000000000000001	-0.021477705528977067	0.021477705528977115	0.04295541105795418	1.1175833210895623
94:	1.5999999999999999	0.6000000000000001	-0.024705567587391012	0.02470556758739099	0.049411135174782	1.29166972726509
95:	1.7999999999999998	0.6000000000000001	-0.027933499593330822	0.027933499593330784	0.0558669991866616	1.4661003329915514
96:	1.9999999999999998	0.6000000000000001	-0.0311614805302428	0.03116148053024278	0.06232296106048558	1.6407744493075525
97:	2.1999999999999997	0.6000000000000001	-0.03438949703476038	0.03438949703476032	0.0687789940695207	1.8156272794688864
98:	2.3999999999999995	0.6000000000000001	-0.03761754020370389	0.03761754020370391	0.07523508040740781	1.9906152003494308
99:	2.5999999999999996	0.6000000000000001	-0.04084560387656916	0.040845603876569166	0.08169120775313832	2.165707749813471
100:	2.8	0.6000000000000001	-0.04407368365491697	0.044073683654917026	0.088147367309834	2.3408830025091056
101:	2.9999999999999996	0.6000000000000001	-0.047301776314416	0.04730177631441603	0.09460355262883202	2.5161247702422287
102:	3.1999999999999993	0.6000000000000001	-0.05052987943758126	0.05052987943758139	0.10105975887516265	2.69142083781458
103:	3.3999999999999995	0.6000000000000001	-0.053757991176254946	0.05375799117625495	0.10751598235250989	2.8667618129497585
104:	3.5999999999999996	0.6000000000000001	-0.05698611009332457	0.05698611009332467	0.11397222018664924	3.042140354327257
105:	3.7999999999999994	0.6000000000000001	-0.06021423505446755	0.060214235054467595	0.12042847010893515	3.2175506400831964
106:	3.999999999999999	0.6000000000000001	-0.06344236515239687	0.06344236515239672	0.12688473030479358	3.392987993618374
107:	4.199999999999999	0.6000000000000001	-0.06667049965276446	0.06667049965276448	0.13334099930552895	3.5684486149013273
108:	4.3999999999999995	0.6000000000000001	-0.06989863795483209	0.06989863795483212	0.1397972759096642	3.743929384095712
109:	4.6	0.6000000000000001	-0.07312677955186411	0.07312677955186409	0.1462535591037282	3.9194277157578035
110:	4.799999999999999	0.6000000000000001	-0.07635492405276571	0.07635492405276562	0.15270984810553134	4.094941449024832
111:	4.999999999999999	0.6000000000000001	-0.07958307109828003	0.07958307109828022	0.15916614219656025	4.270468763831827
112:	5.199999999999999	0.6000000000000001	-0.08281122039464411	0.08281122039464406	0.16562244078928817	4.4460081162280645
113:	5.399999999999999	0.6000000000000001	-0.08603937169163679	0.08603937169163704	0.17207874338327384	4.621558187896364
114:	5.599999999999999	0.6000000000000001	-0.08926752477480067	0.08926752477480102	0.1785350495496017	4.797117846363155
115:	5.799999999999999	0.6000000000000001	-0.09249567945927156	0.09249567945927144	0.18499135891854301	4.972686113346593
116:	5.999999999999999	0.6000000000000001	-0.09572383558484537	0.09572383558484569	0.19144767116969108	5.148262139363946
117:	6.199999999999999	0.6000000000000001	-0.09895199301199886	0.09895199301199868	0.19790398602399756	5.32384518319943
118:	6.399999999999999	0.6000000000000001	-0.10218015161865582	0.10218015161865597	0.2043603032373118	5.499434595180287
119:	6.599999999999999	0.6000000000000001	-0.1054083112975438	0.10540831129754404	0.21081662259508782	5.675029803461238
120:	6.799999999999999	0.6000000000000001	-0.10863647195401603	0.10863647195401577	0.2172729439080318	5.850630302704254
121:	1.0	0.8	-0.014651088077561344	0.014651088077561323	0.029302176155122667	0.74314865126171
122:	1.2	0.8	-0.017878217983611847	0.01787821798361186	0.03575643596722371	0.9137649915486521
123:	1.4	0.8	-0.02110564775601618	0.02110564775601619	0.04221129551203237	1.0857756934164895
124:	1.5999999999999999	0.8	-0.024333264643148583	0.024333264643148566	0.04866652928629715	1.2586791249481837
125:	1.7999999999999998	0.8	-0.0275610061268461	0.027561006126846206	0.0551220122536923	1.43217924038561
126:	1.9999999999999998	0.8	-0.030788834749934466	0.030788834749934466	0.06157766949986893	1.606101616863038
127:	2.1999999999999997	0.8	-0.034016726702302595	0.03401672670230245	0.06803345340460504	1.7803331420830029
128:	2.3999999999999995	0.8	-0.03724466612444114	0.03724466612444101	0.07448933224888216	1.9548004440070266
129:	2.5999999999999996	0.8	-0.04047264204451664	0.04047264204451669	0.08094528408903333	2.129449437781927
130:	2.8	0.8	-0.04370064663014503	0.0437006466301452	0.08740129326029022	2.304242175986544
131:	2.9999999999999996	0.8	-0.0469286741404475	0.04692867414044737	0.09385734828089487	2.479150620907936
132:	3.1999999999999993	0.8	-0.05015672027160533	0.050156720271605226	0.10031344054321056	2.654153600469964
133:	3.3999999999999995	0.8	-0.05338478173368047	0.05338478173368049	0.10676956346736097	2.829234823432024
134:	3.5999999999999996	0.8	-0.05661285596865974	0.05661285596865981	0.11322571193731955	3.0043815467306887
135:	3.7999999999999994	0.8	-0.05984094095763498	0.05984094095763491	0.11968188191526989	3.1795836575870675
136:	3.999999999999999	0.8	-0.06306903508588792	0.06306903508588783	0.12613807017177575	3.3548330269909106
137:	4.199999999999999	0.8	-0.0662971370465621	0.06629713704656214	0.13259427409312424	3.530123045226378
138:	4.3999999999999995	0.8	-0.06952524577062935	0.06952524577062935	0.1390504915412587	3.7054482822427737
139:	4.6	0.8	-0.07275336037514166	0.07275336037514173	0.14550672075028337	3.8808042353520387
140:	4.799999999999999	0.8	-0.07598148012443262	0.07598148012443282	0.15196296024886544	4.05618713910351
141:	4.999999999999999	0.8	-0.07920960440063708	0.07920960440063694	0.15841920880127403	4.231593820145149
142:	5.199999999999999	0.8	-0.0824377326810185	0.08243773268101856	0.16487546536203707	4.407021585111047
143:	5.399999999999999	0.8	-0.08566586452034115	0.08566586452034117	0.17133172904068233	4.582468133079579
144:	5.599999999999999	0.8	-0.08889399953701949	0.08889399953701951	0.177787999074039	4.757931486535323
145:	5.799999999999999	0.8	-0.09212213740213612	0.09212213740213607	0.1842442748042722	4.93340993642301
146:	5.999999999999999	0.8	-0.09535027783065947	0.09535027783065947	0.19070055566131894	5.108901998045382
147:	6.199999999999999	0.8	-0.09857842057435888	0.09857842057435891	0.1971568411487178	5.28440637538558
148:	6.399999999999999	0.8	-0.1018065654160527	0.10180656541605243	0.20361313083210514	5.459921932033223
149:	6.599999999999999	0.8	-0.10503471216489953	0.10503471216489903	0.21006942432979855	5.635447667329692
150:	6.799999999999999	0.8	-0.10826286064221975	0.10826286064222004	0.2165257212844398	5.8109826966707265
151:	1.0	1.0	-0.01428060515352	0.014280605153520027	0.02856121030704003	0.7186652353193611
152:	1.2	1.0	-0.017507143309850235	0.017507143309850218	0.03501428661970045	0.8865846016729735
153:	1.4	1.0	-0.02073415125801109	0.02073415125801112	0.04146830251602221	1.056636892217665
154:	1.5999999999999999	1.0	-0.023961452258322944	0.023961452258322975	0.04792290451664592	1.2280489162248578
155:	1.7999999999999998	1.0	-0.027188948333117434	0.027188948333117486	0.05437789666623492	1.4003713755577754
156:	1.9999999999999998	1.0	-0.030416580803935674	0.03041658080393574	0.06083316160787142	1.5733489061847097
157:	2.1999999999999997	1.0	-0.033644312382616955	0.033644312382616955	0.06728862476523391	1.7468012139211315
158:	2.3999999999999995	1.0	-0.03687211823816911	0.03687211823816912	0.07374423647633824	1.9206127472432182
159:	2.5999999999999996	1.0	-0.040099981195514216	0.04009998119551412	0.08019996239102833	2.0947028150224636
160:	2.8	1.0	-0.043327888995973174	0.04332788899597325	0.08665577799194643	2.269013315887085
161:	2.9999999999999996	1.0	-0.046555832655551375	0.04655583265555126	0.09311166531110263	2.443501323671734
162:	3.1999999999999993	1.0	-0.04978380543990443	0.049783805439904544	0.09956761087980898	2.6181338648566355
163:	3.3999999999999995	1.0	-0.053011802201653725	0.05301180220165379	0.10602360440330752	2.7928872577017585
164:	3.5999999999999996	1.0	-0.05623981893892055	0.05623981893892051	0.11247963787784106	2.9677412293157066
165:	3.7999999999999994	1.0	-0.059467852493465555	0.059467852493465645	0.1189357049869312	3.1426802946049235
166:	3.999999999999999	1.0	-0.06269590033950648	0.06269590033950669	0.12539180067901318	3.3176920005903905
167:	4.199999999999999	1.0	-0.06592396043294707	0.0659239604329472	0.13184792086589425	3.492766217219253
168:	4.3999999999999995	1.0	-0.06915203110177467	0.06915203110177445	0.13830406220354913	3.6678946187104398
169:	4.6	1.0	-0.07238011096508282	0.0723801109650827	0.14476022193016552	3.8430702981758644
170:	4.799999999999999	1.0	-0.0756081988723593	0.07560819887235933	0.15121639774471862	4.018287477141598
171:	4.999999999999999	1.0	-0.07883629385736009	0.07883629385735992	0.15767258771472	4.193541283739582
172:	5.199999999999999	1.0	-0.08206439510263772	0.08206439510263777	0.1641287902052755	4.368827581320873
173:	5.399999999999999	1.0	-0.08529250191196275	0.08529250191196226	0.170585003823925	4.544142834589099
174:	5.599999999999999	1.0	-0.08852061368865449	0.0885206136886543	0.1770412273773088	4.7194840039954125
175:	5.799999999999999	1.0	-0.09174872991840596	0.09174872991840566	0.18349745983681162	4.894848461662594
176:	5.999999999999999	1.0	-0.09497685015554067	0.09497685015554075	0.1899537003110814	5.070233923879759
177:	6.199999999999999	1.0	-0.09820497401193713	0.098204974011937	0.19640994802387413	5.245638396474516
178:	6.399999999999999	1.0	-0.10143310114802417	0.10143310114802433	0.20286620229604851	5.421060130281646
179:	6.599999999999999	1.0	-0.1046612312654248	0.10466123126542445	0.20932246253084924	5.596497584594241
180:	6.799999999999999	1.0	-0.10788936410088826	0.1078893641008885	0.21577872820177674	5.771949396974661
181:	1.0	1.2000000000000002	-0.01391091357323659	0.013910913573236542	0.027821827146473133	0.6977635095696736
182:	1.2	1.2000000000000002	-0.01713672618422401	0.017136726184223978	0.03427345236844799	0.8623982825122357
183:	1.4	1.2000000000000002	-0.02036321729043635	0.020363217290436452	0.0407264345808728	1.0300954244946516
184:	1.5999999999999999	1.2000000000000002	-0.02359013141000401	0.023590131410004055	0.04718026282000806	1.199726753694735
185:	1.7999999999999998	1.2000000000000002	-0.026817326975417763	0.02681732697541778	0.05363465395083554	1.3706472633154199
186:	1.9999999999999998	1.2000000000000002	-0.03004471930494641	0.03004471930494632	0.06008943860989273	1.5424865987157863
187:	2.1999999999999997	1.2000000000000002	-0.03327225457837579	0.033272254578375834	0.06654450915675163	1.7149939344244425
188:	2.3999999999999995	1.2000000000000002	-0.03649989696472282	0.03649989696472291	0.07299979392944572	1.8880186874212506
189:	2.5999999999999996	1.2000000000000002	-0.03972762168547322	0.03972762168547327	0.07945524337094649	2.0614379345129605
190:	2.8	1.2000000000000002	-0.04295541105795413	0.04295541105795423	0.08591082211590836	2.2351694310015677
191:	2.9999999999999996	1.2000000000000002	-0.04618325212490182	0.04618325212490167	0.0923665042498035	2.4091524252943035
192:	3.1999999999999993	1.2000000000000002	-0.04941113517478192	0.049411135174781934	0.09882227034956385	2.5833410414215763
193:	3.3999999999999995	1.2000000000000002	-0.052639052785361004	0.052639052785361226	0.10527810557072223	2.757699971647712
194:	3.5999999999999996	1.2000000000000002	-0.055866999186661645	0.05586699918666157	0.1117339983733232	2.9322015884162367
195:	3.7999999999999994	1.2000000000000002	-0.059094969825431984	0.05909496982543197	0.11818993965086395	3.10682395640135
196:	3.999999999999999	1.2000000000000002	-0.0623229610604856	0.06232296106048556	0.12464592212097116	3.281549433830718
197:	4.199999999999999	1.2000000000000002	-0.06555096994521756	0.06555096994521756	0.13110193989043512	3.4563636677399745
198:	4.3999999999999995	1.2000000000000002	-0.06877899406952076	0.06877899406952064	0.1375579881390414	3.6312548595149146
199:	4.6	1.2000000000000002	-0.07200703144299743	0.07200703144299753	0.14401406288599494	3.8062130003034493
200:	4.799999999999999	1.2000000000000002	-0.07523508040740778	0.07523508040740783	0.15047016081481562	3.981230400710762
201:	4.999999999999999	1.2000000000000002	-0.07846313957015452	0.07846313957015483	0.15692627914030935	4.156299855341251
202:	5.199999999999999	1.2000000000000002	-0.08169120775313832	0.08169120775313833	0.16338241550627663	4.331415499634815
203:	5.399999999999999	1.2000000000000002	-0.08491928395298992	0.08491928395298995	0.16983856790597987	4.506572320099204
204:	5.599999999999999	1.2000000000000002	-0.08814736730983407	0.0881473673098341	0.17629473461966816	4.681766005023574
205:	5.799999999999999	1.2000000000000002	-0.09137545708252413	0.09137545708252398	0.18275091416504813	4.856992825605326
206:	5.999999999999999	1.2000000000000002	-0.094603552628832	0.09460355262883206	0.18920710525766404	5.032249540488217
207:	6.199999999999999	1.2000000000000002	-0.0978316533894788	0.09783165338947894	0.19566330677895774	5.207533318495629
208:	6.399999999999999	1.2000000000000002	-0.10105975887516253	0.10105975887516278	0.2021195177503253	5.382841675631872
209:	6.599999999999999	1.2000000000000002	-0.10428786865594385	0.10428786865594389	0.20857573731188772	5.558172423365305
210:	6.799999999999999	1.2000000000000002	-0.10751598235250989	0.1075159823525099	0.21503196470501978	5.733523625901493
211:	1.0	1.4000000000000001	-0.013542016045423827	0.013542016045423806	0.027084032090847632	0.6803844252334634
212:	1.2	1.4000000000000001	-0.016766968522709584	0.0167669685227096	0.03353393704541918	0.8412027164325916
213:	1.4	1.4000000000000001	-0.019992847214927962	0.019992847214927997	0.03998569442985596	1.0061313295702556
214:	1.5999999999999999	1.4000000000000001	-0.02321930304752725	0.023219303047527205	0.04643860609505446	1.1736684038034884
215:	1.7999999999999998	1.4000000000000001	-0.026446142832676548	0.02644614283267648	0.05289228566535303	1.3429522901517164
216:	1.9999999999999998	1.4000000000000001	-0.029673250876847176	0.02967325087684721	0.05934650175369439	1.5134756724041638
217:	2.1999999999999997	1.4000000000000001	-0.03290055380051306	0.032900553800513176	0.06580110760102623	1.684896260847518
218:	2.3999999999999995	1.4000000000000001	-0.036128002730213965	0.036128002730213896	0.07225600546042786	1.8570016736174981
219:	2.5999999999999996	1.4000000000000001	-0.0393555638751859	0.039355563875185885	0.07871112775037178	2.029637710785254
220:	2.8	1.4000000000000001	-0.04258321312551006	0.042583213125510035	0.0851664262510201	2.2026880045462516
221:	2.9999999999999996	1.4000000000000001	-0.04581093281679248	0.045810932816792556	0.09162186563358504	2.376083490277102
222:	3.1999999999999993	1.4000000000000001	-0.04903870971109186	0.049038709711091935	0.09807741942218379	2.5497545093778906
223:	3.3999999999999995	1.4000000000000001	-0.052266533692102095	0.05226653369210201	0.1045330673842041	2.7236541656195374
224:	3.5999999999999996	1.4000000000000001	-0.05549439689620854	0.055494396896208636	0.11098879379241718	2.8977454036952826
225:	3.7999999999999994	1.4000000000000001	-0.05872229311850383	0.05872229311850379	0.11744458623700763	3.071998803892589
226:	3.999999999999999	1.4000000000000001	-0.06195021739733597	0.061950217397335895	0.12390043479467186	3.2463907044811706
227:	4.199999999999999	1.4000000000000001	-0.06517816571777164	0.06517816571777187	0.1303563314355435	3.4209018531605566
228:	4.3999999999999995	1.4000000000000001	-0.06840613479607299	0.06840613479607313	0.13681226959214612	3.595516422313331
229:	4.6	1.4000000000000001	-0.07163412192048632	0.07163412192048617	0.14326824384097248	3.770221277322981
230:	4.799999999999999	1.4000000000000001	-0.0748621248318963	0.07486212483189643	0.14972424966379272	3.9450054253675324
231:	4.999999999999999	1.4000000000000001	-0.0780901416331687	0.07809014163316892	0.15618028326633762	4.119859594633171
232:	5.199999999999999	1.4000000000000001	-0.08131817071943834	0.08131817071943821	0.16263634143887656	4.294775909233493
233:	5.399999999999999	1.4000000000000001	-0.08454621072391366	0.08454621072391358	0.16909242144782724	4.469747635311997
234:	5.599999999999999	1.4000000000000001	-0.08777426047530915	0.0877742604753092	0.17554852095061835	4.6447689807455115
235:	5.799999999999999	1.4000000000000001	-0.09100231896409405	0.09100231896409436	0.1820046379281884	4.819834935669241
236:	5.999999999999999	1.4000000000000001	-0.09423038531550247	0.09423038531550235	0.1884607706310048	4.994941144417006
237:	6.199999999999999	1.4000000000000001	-0.09745845876776993	0.09745845876777018	0.1949169175355401	5.170083753860707
238:	6.399999999999999	1.4000000000000001	-0.10068653865445917	0.10068653865445944	0.20137307730891862	5.3452595507790095
239:	6.599999999999999	1.4000000000000001	-0.10391462438999997	0.10391462438999988	0.20782924877999986	5.520465509856347
240:	6.799999999999999	1.4000000000000001	-0.10714271545778409	0.10714271545778373	0.21428543091556781	5.69569902889373
241:	1.0	1.6	-0.013173915393133277	0.013173915393133296	0.026347830786266575	0.6664820076090126
242:	1.2	1.6	-0.01639787218523274	0.016397872185232757	0.03279574437046549	0.8229417285436051
243:	1.4	1.6	-0.01962304236807282	0.01962304236807279	0.03924608473614561	0.9847259272097233
244:	1.5999999999999999	1.6	-0.02284896824563199	0.022848968245631963	0.045697936491263955	1.149872630516626
245:	1.7999999999999998	1.6	-0.02607539663834937	0.026075396638349353	0.05215079327669872	1.3172770582955575
246:	1.9999999999999998	1.6	-0.02930217611526296	0.029302176115262993	0.05860435223052596	1.486285211991324
247:	2.1999999999999997	1.6	-0.03252921056850474	0.03252921056850471	0.06505842113700945	1.6564706313935247
248:	2.3999999999999995	1.6	-0.03575643596722357	0.0357564359672236	0.07151287193444716	1.8275296844166462
249:	2.5999999999999996	1.6	-0.03898380813046147	0.03898380813046159	0.07796761626092305	1.9992742654537299
250:	2.8	1.6	-0.04221129551203236	0.04221129551203238	0.08442259102406474	2.17156099735302
251:	2.9999999999999996	1.6	-0.04543887500271159	0.045438875002711654	0.09087775000542325	2.3442841645095593
252:	3.1999999999999993	1.6	-0.048666529286297146	0.04866652928629726	0.0973330585725944	2.517357719481166
253:	3.3999999999999995	1.6	-0.051894245131333984	0.05189424513133392	0.1037884902626679	2.690734317413135
254:	3.5999999999999996	1.6	-0.0551220122536922	0.05512201225369241	0.1102440245073846	2.864358112560292
255:	3.7999999999999994	1.6	-0.05834982253917691	0.05834982253917687	0.11669964507835379	3.0381911664296855
256:	3.999999999999999	1.6	-0.06157766949986893	0.06157766949986893	0.12315533899973787	3.212203233725584
257:	4.199999999999999	1.6	-0.06480554788612551	0.06480554788612564	0.12961109577225116	3.3863689211601233
258:	4.3999999999999995	1.6	-0.06803345340460519	0.0680334534046049	0.13606690680921008	3.560668129606653
259:	4.6	1.6	-0.07126138250999185	0.07126138250999194	0.1425227650199838	3.735083920908652
260:	4.799999999999999	1.6	-0.07448933224888228	0.07448933224888202	0.1489786644977643	3.909602117904795
261:	4.999999999999999	1.6	-0.07771730014120133	0.07771730014120136	0.1554346002824027	4.08421076211881
262:	5.199999999999999	1.6	-0.08094528408903327	0.08094528408903338	0.16189056817806666	4.258899694523892
263:	5.399999999999999	1.6	-0.08417328230573914	0.0841732823057393	0.16834656461147846	4.433660228234053
264:	5.599999999999999	1.6	-0.08740129326028985	0.08740129326029016	0.17480258652058	4.608484890327406
265:	5.799999999999999	1.6	-0.09062931563313277	0.09062931563313263	0.1812586312662654	4.783367216306243
266:	5.999999999999999	1.6	-0.093857348280895	0.09385734828089475	0.18771469656178974	4.958301585057287
267:	6.199999999999999	1.6	-0.097085390207931	0.09708539020793115	0.19417078041586217	5.1332830852775935
268:	6.399999999999999	1.6	-0.10031344054321066	0.10031344054321045	0.20062688108642113	5.308307406567906
269:	6.599999999999999	1.6	-0.10354149852141224	0.10354149852141196	0.2070829970428242	5.483370750026552
270:	6.799999999999999	1.6	-0.10676956346736094	0.10676956346736098	0.21353912693472193	5.658469754380311
271:	1.0	1.8	-0.012806614537329489	0.012806614537329505	0.025613229074658996	0.6560024077810576
272:	1.2	1.8	-0.016029439115537406	0.016029439115537406	0.03205887823107481	0.8076016089183798
273:	1.4	1.8	-0.01925380413519133	0.01925380413519135	0.03850760827038268	0.9658376198046933
274:	1.5999999999999999	1.8	-0.022479128018241673	0.02247912801824168	0.04495825603648335	1.1283017200479082
275:	1.7999999999999998	1.8	-0.025705089276335955	0.025705089276335948	0.0514101785526719	1.2936067093123562
276:	1.9999999999999998	1.8	-0.0289314957140872	0.0289314957140872	0.0578629914281744	1.4609106562704837
277:	2.1999999999999997	1.8	-0.032158225361433375	0.032158225361433285	0.06431645072286665	1.6296912701197006
278:	2.3999999999999995	1.8	-0.035385197080695235	0.03538519708069524	0.07077039416139047	1.7995802316545528
279:	2.5999999999999996	1.8	-0.03861235482227119	0.03861235482227113	0.07722470964454231	1.970334575283585
280:	2.8	1.8	-0.04183965853498691	0.04183965853498685	0.08367931706997375	2.141758739729984
281:	2.9999999999999996	1.8	-0.04506707895741962	0.04506707895741962	0.09013415791483924	2.3137298980706973
282:	3.1999999999999993	1.8	-0.04829459414052837	0.04829459414052853	0.09658918828105689	2.4861480271227396
283:	3.3999999999999995	1.8	-0.05152218731471797	0.051522187314718	0.10304437462943597	2.6589362684530964
284:	3.5999999999999996	1.8	-0.054749845447084396	0.05474984544708425	0.10949969089416864	2.832034555088885
285:	3.7999999999999994	1.8	-0.05797755825549984	0.05797755825549979	0.11595511651099963	3.0053894233036114
286:	3.999999999999999	1.8	-0.061205317519219885	0.06120531751921982	0.12241063503843971	3.1789752273377316
287:	4.199999999999999	1.8	-0.06443311658693114	0.06443311658693139	0.12886623317386253	3.3527537763189335
288:	4.3999999999999995	1.8	-0.06766095001927348	0.06766095001927325	0.13532190003854672	3.526699528718036
289:	4.6	1.8	-0.07088881332481523	0.07088881332481496	0.14177762664963017	3.7007912889670878
290:	4.799999999999999	1.8	-0.07411670276217282	0.07411670276217287	0.1482334055243457	3.8750113169197298
291:	4.999999999999999	1.8	-0.07734461518971332	0.07734461518971353	0.15468923037942683	4.049344864587823
292:	5.199999999999999	1.8	-0.08057254795000493	0.08057254795000478	0.1611450959000097	4.223778762133962
293:	5.399999999999999	1.8	-0.08380049877999225	0.08380049877999253	0.16760099755998478	4.398302382648944
294:	5.599999999999999	1.8	-0.08702846574045313	0.08702846574045345	0.17405693148090656	4.572906372866853
295:	5.799999999999999	1.8	-0.09025644716007408	0.090256447160074	0.18051289432014808	4.747582641101428
296:	5.999999999999999	1.8	-0.09348444159072836	0.0934844415907285	0.18696888318145685	4.9223241507603746
297:	6.199999999999999	1.8	-0.09671244777142406	0.09671244777142397	0.19342489554284803	5.097124753244931
298:	6.399999999999999	1.8	-0.09994046459902102	0.0999404645990215	0.1998809291980425	5.271979051719517
299:	6.599999999999999	1.8	-0.10316849110428095	0.10316849110428117	0.20633698220856211	5.446882289281148
300:	6.799999999999999	1.8	-0.10639652643214693	0.10639652643214731	0.21279305286429423	5.621830256566631
301:	1.0	2.0	-0.012440116500485893	0.012440116500485874	0.024880233000971766	0.6488926603098861
302:	1.2	2.0	-0.015661671313345723	0.015661671313345792	0.031323342626691515	0.7951338205077705
303:	1.4	2.0	-0.018885133935648057	0.01888513393564807	0.03777026787129613	0.949461035647156
304:	1.5999999999999999	2.0	-0.022109783424366133	0.02210978342436615	0.04421956684873228	1.10894198801184
305:	1.7999999999999998	2.0	-0.025335221535759365	0.025335221535759445	0.050670443071518814	1.2719126069967535
306:	1.9999999999999998	2.0	-0.02856121030703996	0.028561210307039925	0.057122420614079884	1.4373407881085551
307:	2.1999999999999997	2.0	-0.031787598779610564	0.03178759877961053	0.06357519755922109	1.604562378202767
308:	2.3999999999999995	2.0	-0.03501428656066243	0.035014286560662466	0.0700285731213249	1.7731520850999694
309:	2.5999999999999996	2.0	-0.038241204284555436	0.03824120428455541	0.07648240856911084	1.9427929655072635
310:	2.8	2.0	-0.041468302484870184	0.04146830248487022	0.0829366049697404	2.113264845793648
311:	2.9999999999999996	2.0	-0.04469554495902956	0.04469554495902954	0.08939108991805911	2.284412105517994
312:	3.1999999999999993	2.0	-0.04792290451664586	0.04792290451664587	0.09584580903329173	2.456097529627537
313:	3.3999999999999995	2.0	-0.0511503604561659	0.05115036045616592	0.10230072091233183	2.6282358702588193
314:	3.5999999999999996	2.0	-0.05437789666623487	0.05437789666623497	0.10875579333246985	2.800753553215874
315:	3.7999999999999994	2.0	-0.05760550043710612	0.05760550043710612	0.11521100087421224	2.9735922408849524
316:	3.999999999999999	2.0	-0.06083316160787135	0.06083316160787148	0.12166632321574283	3.1467050612096674
317:	4.199999999999999	2.0	-0.06406087195799766	0.06406087195799774	0.1281217439159954	3.3200539078780857
318:	4.3999999999999995	2.0	-0.06728862476523391	0.06728862476523391	0.13457724953046782	3.493601934432988
319:	4.6	2.0	-0.07051641447912543	0.07051641447912528	0.1410328289582507	3.6673350959249973
320:	4.799999999999999	2.0	-0.07374423647633822	0.07374423647633824	0.14748847295267647	3.841225117449381
321:	4.999999999999999	2.0	-0.0769720868748363	0.0769720868748362	0.1539441737496725	4.0152537097471805
322:	5.199999999999999	2.0	-0.08019996239102843	0.08019996239102824	0.16039992478205667	4.189405335489602
323:	5.399999999999999	2.0	-0.08342786022872695	0.08342786022872697	0.16685572045745392	4.36366670816578
324:	5.599999999999999	2.0	-0.08665577799194657	0.08665577799194647	0.17331155598389303	4.538026397370118
325:	5.799999999999999	2.0	-0.08988371361577566	0.08988371361577539	0.17976742723155104	4.712474513891778
326:	5.999999999999999	2.0	-0.09311166531110275	0.09311166531110251	0.18622333062220525	4.887002457712181
327:	6.199999999999999	2.0	-0.09633963152005488	0.09633963152005509	0.19267926304010996	5.061602885227804
328:	6.399999999999999	2.0	-0.09956761087980887	0.09956761087980909	0.19913522175961795	5.236268840797371
329:	6.599999999999999	2.0	-0.10279560219299104	0.10279560219299073	0.20559120438598177	5.410994698887051
330:	6.799999999999999	2.0	-0.10602360440330745	0.10602360440330758	0.21204720880661504	5.585775313276046
331:	1.0	2.2	-0.01207442457232039	0.012074424572320393	0.024148849144640782	0.6450411363465012
332:	1.2	2.2	-0.015294570836073511	0.015294570836073511	0.030589141672147022	0.7855139864926733
333:	1.4	2.2	-0.018517033223753792	0.018517033223753754	0.03703406644750755	0.9355600195252213
334:	1.5999999999999999	2.2	-0.021740935545746586	0.021740935545746555	0.04348187109149314	1.091785452982637
335:	1.7999999999999998	2.2	-0.024965794252371835	0.024965794252371876	0.04993158850474371	1.2521856616450378
336:	1.9999999999999998	2.2	-0.02819132055906363	0.02819132055906373	0.056382641118127366	1.4155480812378127
337:	2.1999999999999997	2.2	-0.03141733133774397	0.03141733133774394	0.0628346626754879	1.5810748669050794
338:	2.3999999999999995	2.2	-0.03464370483793589	0.0346437048379359	0.0692874096758718	1.7482355042978295
339:	2.5999999999999996	2.2	-0.03787035695688657	0.0378703569568866	0.07574071391377317	1.9166549617939097
340:	2.8	2.2	-0.041097227730226796	0.041097227730226754	0.08219445546045355	2.0860805151303112
341:	2.9999999999999996	2.2	-0.04432427325088342	0.04432427325088351	0.08864854650176693	2.2563091877936268
342:	3.1999999999999993	2.2	-0.047551460631041376	0.04755146063104145	0.09510292126208283	2.4271939417945156
343:	3.3999999999999995	2.2	-0.05077876477189	0.05077876477188978	0.10155752954377978	2.598628262763594
344:	3.5999999999999996	2.2	-0.054006166102910785	0.05400616610291099	0.10801233220582176	2.7705096493207333
345:	3.7999999999999994	2.2	-0.057233649255243046	0.057233649255243	0.11446729851048604	2.9427763441669414
346:	3.999999999999999	2.2	-0.060461201919678444	0.06046120191967833	0.12092240383935678	3.1153720408634653
347:	4.199999999999999	2.2	-0.06368881413830985	0.0636888141383098	0.12737762827661964	3.2882509779632043
348:	4.3999999999999995	2.2	-0.06691647776865847	0.06691647776865864	0.1338329555373171	3.4613755673304487
349:	4.6	2.2	-0.07014418608797564	0.0701441860879757	0.14028837217595133	3.6347146374237207
350:	4.799999999999999	2.2	-0.0733719334967202	0.07337193349672029	0.1467438669934405	3.8082421127602863
351:	4.999999999999999	2.2	-0.07659971529338103	0.07659971529338089	0.15319943058676191	3.981930616035677
352:	5.199999999999999	2.2	-0.07982752750137984	0.07982752750137981	0.15965505500275964	4.155772997767797
353:	5.399999999999999	2.2	-0.08305536673453211	0.08305536673453232	0.1661107334690644	4.329747043162788
354:	5.599999999999999	2.2	-0.08628323009139503	0.08628323009139517	0.1725664601827902	4.5038390468033604
355:	5.799999999999999	2.2	-0.089511115071523	0.0895111150715228	0.1790222301430458	4.678037151669814
356:	5.999999999999999	2.2	-0.0927390195085025	0.09273901950850251	0.185478039017005	4.852331046288383
357:	6.199999999999999	2.2	-0.09596694151597705	0.09596694151597704	0.19193388303195408	5.02671172009852
358:	6.399999999999999	2.2	-0.09919487944380598	0.09919487944380592	0.1983897588876119	5.201171263327288
359:	6.599999999999999	2.2	-0.10242283184221249	0.1024228318422126	0.20484566368442508	5.375702703488173
360:	6.799999999999999	2.2	-0.10565079743226902	0.10565079743226899	0.211301594864538	5.550299869955558
361:	1.0	2.4000000000000004	-0.011709541783152939	0.011709541783152937	0.023419083566305877	0.6443317836480733
362:	1.2	2.4000000000000004	-0.014928139800583091	0.0149281398005831	0.029856279601166193	0.7786712169768558
363:	1.4	2.4000000000000004	-0.018149503489684266	0.018149503489684287	0.03629900697936855	0.9241206556990013
364:	1.5999999999999999	2.4000000000000004	-0.021372585487383237	0.021372585487383203	0.04274517097476644	1.076803191015502
365:	1.7999999999999998	2.4000000000000004	-0.024596808277849054	0.02459680827784913	0.049193616555698184	1.2344210382788232
366:	1.9999999999999998	2.4000000000000004	-0.027821827146473035	0.027821827146472976	0.055643654292946015	1.3955270194747158
367:	2.1999999999999997	2.4000000000000004	-0.0310474235857923	0.031047423585792277	0.062094847171584575	1.559201449613446
368:	2.3999999999999995	2.4000000000000004	-0.03427345236844791	0.034273452368447935	0.06854690473689584	1.7248089457018296
369:	2.5999999999999996	2.4000000000000004	-0.0374998131987126	0.03749981319871253	0.07499962639742513	1.8919122243363085
370:	2.8	2.4000000000000004	-0.0407264345808727	0.040726434580872904	0.0814528691617456	2.0601908489326552
371:	2.9999999999999996	2.4000000000000004	-0.04395326417289448	0.04395326417289444	0.08790652834578892	2.229427817969462
372:	3.1999999999999993	2.4000000000000004	-0.04718026277426029	0.04718026277426017	0.09436052554852045	2.3994403088650627
373:	3.3999999999999995	2.4000000000000004	-0.05040740044485534	0.050407400444855414	0.10081480088971076	2.5700946767953825
374:	3.5999999999999996	2.4000000000000004	-0.053634653950835526	0.05363465395083556	0.10726930790167108	2.7412865483408173
375:	3.7999999999999994	2.4000000000000004	-0.056862004882802616	0.05686200488280271	0.11372400976560532	2.912939502990431
376:	3.999999999999999	2.4000000000000004	-0.06008943860989282	0.06008943860989264	0.12017887721978546	3.0849731974256933
377:	4.199999999999999	2.4000000000000004	-0.06331694326804856	0.06331694326804856	0.1266338865360971	3.257341496027414
378:	4.3999999999999995	2.4000000000000004	-0.06654450915675159	0.06654450915675167	0.13308901831350325	3.4299999634005145
379:	4.6	2.4000000000000004	-0.06977212826731599	0.06977212826731592	0.13954425653463193	3.602911759339538
380:	4.799999999999999	2.4000000000000004	-0.07299979392944564	0.07299979392944582	0.14599958785889144	3.7760460734512376
381:	4.999999999999999	2.4000000000000004	-0.07622750054284881	0.0762275005428489	0.1524550010856977	3.949376933115476
382:	5.199999999999999	2.4000000000000004	-0.07945524337094644	0.07945524337094655	0.15891048674189298	4.122882284609372
383:	5.399999999999999	2.4000000000000004	-0.08268301838053832	0.08268301838053836	0.1653660367610767	4.296543276851202
384:	5.599999999999999	2.4000000000000004	-0.08591082211590827	0.08591082211590845	0.17182164423181673	4.47033836842501
385:	5.799999999999999	2.4000000000000004	-0.08913865159903492	0.08913865159903472	0.17827730319806964	4.6442648526367405
386:	5.999999999999999	2.4000000000000004	-0.09236650424980364	0.09236650424980335	0.184733008499607	4.818304451696518
387:	6.199999999999999	2.4000000000000004	-0.09559437782169675	0.09559437782169686	0.1911887556433936	4.992446531109304
388:	6.399999999999999	2.4000000000000004	-0.09882227034956384	0.09882227034956387	0.1976445406991277	5.166681755892882
389:	6.599999999999999	2.4000000000000004	-0.10205018010690746	0.10205018010690763	0.20410036021381509	5.341001897042247
390:	6.799999999999999	2.4000000000000004	-0.10527810557072201	0.10527810557072245	0.21055621114144446	5.515399672045917
391:	1.0	2.6	-0.011345471592327929	0.01134547159232795	0.02269094318465588	0.6466128997811004
392:	1.2	2.6	-0.014562380561684992	0.014562380561684995	0.029124761123369987	0.7745540390245184
393:	1.4	2.6	-0.01778254626041598	0.017782546260416053	0.03556509252083204	0.9150952117388584
394:	1.5999999999999999	2.6	-0.021004734378070117	0.02100473437807013	0.04200946875614025	1.0639777594716855
395:	1.7999999999999998	2.6	-0.024228264480119777	0.02422826448011972	0.0484565289602395	1.2185943768948322
396:	1.9999999999999998	2.6	-0.027452730757167896	0.02745273075716793	0.05490546151433583	1.377277213772662
397:	2.1999999999999997	2.6	-0.03067787608225853	0.030677876082258596	0.06135575216451712	1.5389395182641668
398:	2.3999999999999995	2.6	-0.03390352961461108	0.03390352961461116	0.06780705922922224	1.7028682462543623
399:	2.5999999999999996	2.6	-0.037129573399152016	0.03712957339915199	0.074259146798304	1.8685430244987626
400:	2.8	2.6	-0.040355923368755195	0.040355923368755195	0.08071184673751039	2.035597152609789
401:	2.9999999999999996	2.6	-0.04358251798813351	0.0435825179881336	0.0871650359762671	2.20375311896866
402:	3.1999999999999993	2.6	-0.04680931117812287	0.04680931117812279	0.09361862235624566	2.372823602595646
403:	3.3999999999999995	2.6	-0.05003626774910778	0.05003626774910762	0.1000725354982154	2.542642766589423
404:	3.5999999999999996	2.6	-0.053263360363337994	0.05326336036333788	0.10652672072667588	2.7130887504084225
405:	3.7999999999999994	2.6	-0.05649056746045387	0.056490567460453875	0.11298113492090775	2.884064981057998
406:	3.999999999999999	2.6	-0.05971787183518954	0.05971787183518973	0.11943574367037926	3.0554939104058265
407:	4.199999999999999	2.6	-0.06294525948861324	0.06294525948861308	0.1258905189772263	3.227318796090411
408:	4.3999999999999995	2.6	-0.06617271905776688	0.06617271905776677	0.13234543811553365	3.399474206280422
409:	4.6	2.6	-0.06940024113400804	0.06940024113400799	0.13880048226801603	3.5719249087153098
410:	4.799999999999999	2.6	-0.0726278178814379	0.07262781788143785	0.14525563576287576	3.7446349672447194
411:	4.999999999999999	2.6	-0.07585544272144122	0.07585544272144133	0.15171088544288255	3.917574094925929
412:	5.199999999999999	2.6	-0.07908311009023296	0.07908311009023272	0.15816622018046567	4.090716579572026
413:	5.399999999999999	2.6	-0.08231081525042552	0.08231081525042558	0.1646216305008511	4.264040446526796
414:	5.599999999999999	2.6	-0.08553855414308525	0.08553855414308521	0.17107710828617045	4.4375267995660135
415:	5.799999999999999	2.6	-0.08876632327046877	0.08876632327046872	0.17753264654093748	4.611159297100537
416:	5.999999999999999	2.6	-0.09199411960227477	0.09199411960227467	0.18398823920454943	4.784923732253245
417:	6.199999999999999	2.6	-0.09522194050007575	0.09522194050007568	0.19044388100015142	4.958802372947024
418:	6.399999999999999	2.6	-0.09844978365595662	0.09844978365595645	0.19689956731191308	5.132795565737641
419:	6.599999999999999	2.6	-0.10167764704232915	0.10167764704232907	0.20335529408465822	5.306887709329834
420:	6.799999999999999	2.6	-0.10490552887062456	0.10490552887062454	0.20981105774124909	5.481070322026384
421:	1.0	2.8000000000000003	-0.010982217493578078	0.010982217493578098	0.021964434987156174	0.6517250687176404
422:	1.2	2.8000000000000003	-0.014197295111704769	0.014197295111704686	0.028394590223409455	0.7730667197610708
423:	1.4	2.8000000000000003	-0.017416163225610716	0.01741616322561071	0.034832326451221425	0.9084497532127961
424:	1.5999999999999999	2.8000000000000003	-0.020637383370939847	0.020637383370939854	0.0412747667418797	1.0533015121383085
425:	1.7999999999999998	2.8000000000000003	-0.023860163743697507	0.023860163743697538	0.04772032748739505	1.2046925178098522
426:	1.9999999999999998	2.8000000000000003	-0.027084032090847535	0.027084032090847636	0.054168064181695175	1.3607708345746352
427:	2.1999999999999997	2.8000000000000003	-0.030308689394335175	0.030308689394335283	0.06061737878867046	1.5202906119509267
428:	2.3999999999999995	2.8000000000000003	-0.03353393704541915	0.03353393704541911	0.06706787409083825	1.682405432463579
429:	2.5999999999999996	2.8000000000000003	-0.036759637952425046	0.03675963795242499	0.07351927590485004	1.846545377254709
430:	2.8	2.8000000000000003	-0.039985694429855924	0.03998569442985599	0.07997138885971192	2.01227710329583
431:	2.9999999999999996	2.8000000000000003	-0.043212034986344974	0.04321203498634495	0.08642406997268992	2.179288644765869
432:	3.1999999999999993	2.8000000000000003	-0.04643860609505441	0.046438606095054506	0.09287721219010892	2.3473449261359867
433:	3.3999999999999995	2.8000000000000003	-0.049665366883734394	0.04966536688373454	0.09933073376746893	2.5162592659780567
434:	3.5999999999999996	2.8000000000000003	-0.05289228560329599	0.05289228560329591	0.1057845712065919	2.6859045802739567
435:	3.7999999999999994	2.8000000000000003	-0.056119337216585276	0.056119337216585186	0.11223867443317045	2.8561612787188153
436:	3.999999999999999	2.8000000000000003	-0.0593465017135763	0.05934650171357612	0.11869300342715242	3.026939865901464
437:	4.199999999999999	2.8000000000000003	-0.06257376290984308	0.06257376290984314	0.12514752581968622	3.19816763972918
438:	4.3999999999999995	2.8000000000000003	-0.06580110757395163	0.06580110757395177	0.1316022151479034	3.369792521686721
439:	4.6	2.8000000000000003	-0.06902852480583938	0.06902852480583951	0.1380570496116789	3.541748473344304
440:	4.799999999999999	2.8000000000000003	-0.07225600546042793	0.07225600546042779	0.14451201092085572	3.714003347230174
441:	4.999999999999999	2.8000000000000003	-0.0754835419280696	0.07548354192806973	0.15096708385613933	3.8865222127458185
442:	5.199999999999999	2.8000000000000003	-0.0787111277503718	0.07871112775037177	0.15742225550074357	4.059275421567596
443:	5.399999999999999	2.8000000000000003	-0.08193875742843015	0.08193875742843021	0.16387751485686036	4.23223763969819
444:	5.599999999999999	2.8000000000000003	-0.08516642625102036	0.08516642625102006	0.17033285250204042	4.405387085692823
445:	5.799999999999999	2.8000000000000003	-0.08839413015842702	0.08839413015842713	0.17678826031685416	4.578704925451035
446:	5.999999999999999	2.8000000000000003	-0.09162186563358496	0.09162186563358511	0.18324373126717008	4.75217478717288
447:	6.199999999999999	2.8000000000000003	-0.09484962961433613	0.09484962961433611	0.18969925922867226	4.925782369455355
448:	6.399999999999999	2.8000000000000003	-0.09807741942218372	0.09807741942218387	0.19615483884436757	5.099515122247424
449:	6.599999999999999	2.8000000000000003	-0.10130523270402732	0.10130523270402728	0.2026104654080546	5.273361985287133
450:	6.799999999999999	2.8000000000000003	-0.10453306738420419	0.10453306738420402	0.2090661347684082	5.4473078223243645
451:	1.0	3.0	-0.01061978310987843	0.0106197831098784	0.021239566219756832	0.6594525204927405
452:	1.2	3.0	-0.013832885877061257	0.013832885877061234	0.027665771754122492	0.7741255090228022
453:	1.4	3.0	-0.0170503558063078	0.017050355806307767	0.03410071161261557	0.9041423539663037
454:	1.5999999999999999	3.0	-0.02027053364401646	0.020270533644016393	0.04054106728803285	1.044726075310889
455:	1.7999999999999998	3.0	-0.023492506970018683	0.023492506970018635	0.04698501394003732	1.1927124554170327
456:	1.9999999999999998	3.0	-0.026715731859228934	0.02671573185922895	0.05343146371845789	1.346003988781923
457:	2.1999999999999997	3.0	-0.02993986409805021	0.029939864098050266	0.059879728196100476	1.5032283914603257
458:	2.3999999999999995	3.0	-0.03316467513654921	0.03316467513654925	0.06632935027309846	1.6634235843072833
459:	2.5999999999999996	3.0	-0.03639000725792892	0.03639000725792907	0.072780014515858	1.8259183234695295
460:	2.8	3.0	-0.03961574810424721	0.03961574810424722	0.07923149620849443	1.990230631391283
461:	2.9999999999999996	3.0	-0.04284181546055996	0.04284181546055995	0.08568363092111991	2.156011182093003
462:	3.1999999999999993	3.0	-0.046068147780161696	0.04606814778016182	0.09213629556032352	2.3229854681902538
463:	3.3999999999999995	3.0	-0.049294698072824085	0.04929469807282401	0.0985893961456481	2.4909471478463407
464:	3.5999999999999996	3.0	-0.05252142984099368	0.05252142984099362	0.1050428596819873	2.6597281276280715
465:	3.7999999999999994	3.0	-0.05574831430558064	0.05574831430558058	0.11149662861116122	2.8292163116435747
466:	3.999999999999999	3.0	-0.05897532846782546	0.05897532846782542	0.11795065693565088	2.9993003860757823
467:	4.199999999999999	3.0	-0.062202453727305373	0.062202453727305186	0.12440490745461055	3.1698972686821962
468:	4.3999999999999995	3.0	-0.0654296748783799	0.06542967487838024	0.13085934975676014	3.3409387601312104
469:	4.6	3.0	-0.06865697936944302	0.06865697936944286	0.13731395873888588	3.5123683394707697
470:	4.799999999999999	3.0	-0.07188435674803532	0.07188435674803509	0.1437687134960704	3.6841387548850966
471:	4.999999999999999	3.0	-0.07511179826236596	0.07511179826236597	0.15022359652473194	3.856216496780729
472:	5.199999999999999	3.0	-0.07833929644313066	0.07833929644313085	0.15667859288626151	4.028554152095234
473:	5.399999999999999	3.0	-0.08156684499935231	0.08156684499935249	0.1631336899987048	4.201130329822079
474:	5.599999999999999	3.0	-0.08479443851831106	0.08479443851831109	0.16958887703662215	4.3739201606303615
475:	5.799999999999999	3.0	-0.08802207233596089	0.08802207233596127	0.17604414467192214	4.546902143720815
476:	5.999999999999999	3.0	-0.0912497424118073	0.09124974241180721	0.1824994848236145	4.720057591813598
477:	6.199999999999999	3.0	-0.09447744522806457	0.09447744522806467	0.18895489045612923	4.893370182831645
478:	6.399999999999999	3.0	-0.0977051777077752	0.0977051777077755	0.19541035541555068	5.066825595025325
479:	6.599999999999999	3.0	-0.10093293714785088	0.10093293714785105	0.20186587429570194	5.240411207911615
480:	6.799999999999999	3.0	-0.10416072116396004	0.10416072116396025	0.20832144232792027	5.414115855539506
481:	1.0	3.2	-0.01025817219940211	0.010258172199402097	0.020516344398804207	0.6695320477070787
482:	1.2	3.2	-0.013469155247580038	0.013469155247580055	0.026938310495160094	0.7776151119127138
483:	1.4	3.2	-0.01668512573167221	0.016685125731672124	0.03337025146334434	0.9020979399901684
484:	1.5999999999999999	3.2	-0.019904186543555094	0.019904186543555125	0.039808373087110216	1.0382339280987942
485:	1.7999999999999998	3.2	-0.023125295077784686	0.023125295077784793	0.04625059015556948	1.1826164172828513
486:	1.9999999999999998	3.2	-0.026347830786266496	0.026347830786266537	0.05269566157253303	1.3329743793313165
487:	2.1999999999999997	3.2	-0.029571400778415625	0.02957140077841556	0.05914280155683119	1.487751451635679
488:	2.3999999999999995	3.2	-0.03279574437046548	0.032795744370465583	0.06559148874093107	1.6458972988011857
489:	2.5999999999999996	3.2	-0.03602068172031141	0.03602068172031144	0.07204136344062284	1.8066486657929348
490:	2.8	3.2	-0.03924608473614564	0.03924608473614558	0.07849216947229122	1.9694578711059623
491:	2.9999999999999996	3.2	-0.0424718597071378	0.04247185970713784	0.08494371941427564	2.1339223862934693
492:	3.1999999999999993	3.2	-0.0456979364912638	0.04569793649126401	0.09139587298252781	2.2997452608902607
493:	3.3999999999999995	3.2	-0.04892426154270439	0.04892426154270453	0.09784852308540892	2.466686680723012
494:	3.5999999999999996	3.2	-0.05215079327669874	0.052150793276698706	0.10430158655339744	2.634564061790712
495:	3.7999999999999994	3.2	-0.05537749890589825	0.05537749890589826	0.11075499781179651	2.803232746747243
496:	3.999999999999999	3.2	-0.05860435223052592	0.058604352230525986	0.11720870446105192	2.9725704239482025
497:	4.199999999999999	3.2	-0.06183133206286282	0.061831332062862884	0.12366266412572571	3.1424964807928055
498:	4.3999999999999995	3.2	-0.065058421083309	0.06505842108330895	0.13011684216661795	3.3129258196271967
499:	4.6	3.2	-0.06828560499610693	0.06828560499610681	0.13657120999221373	3.4837944101196436
500:	4.799999999999999	3.2	-0.07151287189696352	0.07151287189696352	0.14302574379392705	3.6550487311175632
501:	4.999999999999999	3.2	-0.07474021179301615	0.0747402117930161	0.14948042358603225	3.826643689241164
502:	5.199999999999999	3.2	-0.07796761623397024	0.07796761623397029	0.15593523246794053	3.9985410143893065
503:	5.399999999999999	3.2	-0.08119507804856435	0.08119507804856453	0.16239015609712887	4.170714381215755
504:	5.599999999999999	3.2	-0.08442259102406491	0.08442259102406498	0.16884518204812987	4.343121994701871
505:	5.799999999999999	3.2	-0.0876501498765778	0.0876501498765779	0.1753002997531557	4.51574702867731
506:	5.999999999999999	3.2	-0.09087775000542318	0.09087775000542331	0.1817555000108465	4.688568329016415
507:	6.199999999999999	3.2	-0.09410538740521615	0.09410538740521637	0.18821077481043252	4.861567421500171
508:	6.399999999999999	3.2	-0.09733305857259429	0.09733305857259451	0.1946661171451888	5.034728097934403
509:	6.599999999999999	3.2	-0.10056076042995253	0.10056076042995231	0.20112152085990484	5.208036077001249
510:	6.799999999999999	3.2	-0.10378849026266797	0.10378849026266784	0.2075769805253358	5.381478724514805
511:	1.0	3.4000000000000004	-0.009897388661849872	0.009897388661849853	0.019794777323699726	0.6816526250911843
512:	1.2	3.4000000000000004	-0.013106105686221321	0.013106105686221324	0.026212211372442645	0.783405181994032
513:	1.4	3.4000000000000004	-0.01632047469479123	0.016320474694791233	0.032640949389582466	0.9022616861997581
514:	1.5999999999999999	3.4000000000000004	-0.019538343079355935	0.019538343079355907	0.03907668615871184	1.0337780335269962
515:	1.7999999999999998	3.4000000000000004	-0.02275852911571565	0.022758529115715558	0.04551705823143121	1.1743899068394172
516:	1.9999999999999998	3.4000000000000004	-0.025980329608375704	0.025980329608375676	0.05196065921675138	1.321651060785949
517:	2.1999999999999997	3.4000000000000004	-0.029203300029577266	0.02920330002957731	0.05840660005915457	1.4738498211369895
518:	2.3999999999999995	3.4000000000000004	-0.032427145236523326	0.03242714523652333	0.06485429047304667	1.6298270592700053
519:	2.5999999999999996	3.4000000000000004	-0.03565166174954548	0.03565166174954549	0.07130332349909096	1.7887291092417026
520:	2.8	3.4000000000000004	-0.03887670467396689	0.03887670467396696	0.07775340934793384	1.9499462035471318
521:	2.9999999999999996	3.4000000000000004	-0.042102168025807685	0.04210216802580761	0.08420433605161529	2.1130233184134704
522:	3.1999999999999993	3.4000000000000004	-0.04532797248892461	0.04532797248892444	0.09065594497784904	2.2776194246608044
523:	3.3999999999999995	3.4000000000000004	-0.0485540575219679	0.048554057521967724	0.09710811504393563	2.4434793396875967
524:	3.5999999999999996	3.4000000000000004	-0.051780376112568714	0.05178037611256877	0.10356075222513748	2.6103915498621286
525:	3.7999999999999994	3.4000000000000004	-0.05500689119759078	0.05500689119759099	0.11001378239518177	2.7781933413172646
526:	3.999999999999999	3.4000000000000004	-0.05823357316305876	0.05823357316305883	0.11646714632611758	2.9467541058441626
527:	4.199999999999999	3.4000000000000004	-0.06146039806198328	0.061460398061983265	0.12292079612396654	3.1159608257646645
528:	4.3999999999999995	3.4000000000000004	-0.06468734632053422	0.06468734632053444	0.12937469264106866	3.285741730732008
529:	4.6	3.4000000000000004	-0.06791440178324745	0.06791440178324741	0.13582880356649485	3.456016148561411
530:	4.799999999999999	3.4000000000000004	-0.07114155099793974	0.07114155099793955	0.1422831019958793	3.6267239010979426
531:	4.999999999999999	3.4000000000000004	-0.07436878267294009	0.07436878267293985	0.14873756534587995	3.7978142932106103
532:	5.199999999999999	3.4000000000000004	-0.07759608726005529	0.07759608726005508	0.15519217452011036	3.969244306833821
533:	5.399999999999999	3.4000000000000004	-0.08082345663055178	0.08082345663055178	0.16164691326110356	4.140977193406531
534:	5.599999999999999	3.4000000000000004	-0.0840508838208118	0.08405088382081219	0.168101767641624	4.312981365813182
535:	5.799999999999999	3.4000000000000004	-0.08727836285424537	0.08727836285424556	0.17455672570849093	4.485235973408887
536:	5.999999999999999	3.4000000000000004	-0.09050588848332905	0.09050588848332897	0.18101177696665802	4.65770347868239
537:	6.199999999999999	3.4000000000000004	-0.09373345621011898	0.09373345621011915	0.18746691242023814	4.8303706524700525
538:	6.399999999999999	3.4000000000000004	-0.09696106207684148	0.09696106207684088	0.19392212415368237	5.003219284811315
539:	6.599999999999999	3.4000000000000004	-0.1001887026067887	0.10018870260678885	0.20037740521357755	5.176233332472946
540:	6.799999999999999	3.4000000000000004	-0.10341637473338122	0.10341637473338158	0.2068327494667628	5.349398604055181
541:	1.0	3.6	-0.009537436414967097	0.009537436414967062	0.01907487282993416	0.6950404176101174
542:	1.2	3.6	-0.012743739731854161	0.012743739731854093	0.025487479463708253	0.7913428327046834
543:	1.4	3.6	-0.015956404432677727	0.015956404432677724	0.031912808865355455	0.9045523181102012
544:	1.5999999999999999	3.6	-0.0191730046084776	0.019173004608477543	0.03834600921695514	1.031312795935523
545:	1.7999999999999998	3.6	-0.022392209861499493	0.02239220986149954	0.044784419722999035	1.1680131691616942
546:	1.9999999999999998	3.6	-0.025613229074658985	0.025613229074658978	0.05122645814931796	1.3120248125942635
547:	2.1999999999999997	3.6	-0.0288355624549668	0.02883556245496679	0.05767112490993359	1.4615253179847867
548:	2.3999999999999995	3.6	-0.03205887823107475	0.0320588782310748	0.06411775646214954	1.6152047865479118
549:	2.5999999999999996	3.6	-0.035282947761005184	0.03528294776100513	0.07056589552201031	1.7721557831540233
550:	2.8	3.6	-0.03850760827038266	0.0385076082703827	0.07701521654076536	1.9316891241468346
551:	2.9999999999999996	3.6	-0.04173274071970951	0.04173274071970952	0.08346548143941904	2.093301764060652
552:	3.1999999999999993	3.6	-0.04495825603648338	0.044958256036483374	0.08991651207296675	2.2566127212719373
553:	3.3999999999999995	3.6	-0.048184086241496754	0.04818408624149679	0.09636817248299354	2.4213208152678334
554:	3.5999999999999996	3.6	-0.05141017855267191	0.051410178552671895	0.1028203571053438	2.5872134184849793
555:	3.7999999999999994	3.6	-0.05463649136232066	0.05463649136232063	0.10927298272464128	2.754099497516785
556:	3.999999999999999	3.6	-0.0578629914281744	0.0578629914281744	0.1157259828563488	2.9218331269169147
557:	4.199999999999999	3.6	-0.06108965187130934	0.061089651871309346	0.12217930374261868	3.090295800400827
558:	4.3999999999999995	3.6	-0.06431645072286675	0.06431645072286657	0.1286329014457333	3.2593902754591775
559:	4.6	3.6	-0.06754336985171058	0.0675433698517107	0.13508673970342128	3.4290296771765547
560:	4.799999999999999	3.6	-0.07077039416139047	0.07077039416139048	0.14154078832278094	3.599160463286587
561:	4.999999999999999	3.6	-0.07399751098066674	0.07399751098066672	0.14799502196133346	3.7697182763017163
562:	5.199999999999999	3.6	-0.07722470959526334	0.07722470959526324	0.15444941919052657	3.940655074372279
563:	5.399999999999999	3.6	-0.08045198088408398	0.08045198088408406	0.16090396176816804	4.111929822505948
564:	5.599999999999999	3.6	-0.08367931703367662	0.08367931703367679	0.1673586340673534	4.28350725369894
565:	5.799999999999999	3.6	-0.08690671131198704	0.08690671131198689	0.17381342262397392	4.455356884551949
566:	5.999999999999999	3.6	-0.09013415788751644	0.0901341578875163	0.18026831577503274	4.627452226383551
567:	6.199999999999999	3.6	-0.09336165170747848	0.09336165170747832	0.1867233034149568	4.799776702342819
568:	6.399999999999999	3.6	-0.09658918828105674	0.09658918828105706	0.19317837656211378	4.972296054241767
569:	6.599999999999999	3.6	-0.09981676373512724	0.09981676373512756	0.1996335274702548	5.144999945099254
570:	6.799999999999999	3.6	-0.10304437462943594	0.103044374629436	0.20608874925887194	5.317872536903616
571:	1.0	3.8000000000000003	-0.009178319856668045	0.009178319856668065	0.01835663971333611	0.7080977354616483
572:	1.2	3.8000000000000003	-0.012382060002170913	0.012382060002170965	0.024764120004341878	0.8013006738250184
573:	1.4	3.8000000000000003	-0.015592916727672936	0.015592916727672873	0.03118583345534581	0.9088810297426415
574:	1.5999999999999999	3.8000000000000003	-0.018808172420970635	0.01880817242097064	0.03761634484194128	1.0307961379163333
575:	1.7999999999999998	3.8000000000000003	-0.022026338368348365	0.02202633836834835	0.044052676736696716	1.1634417181217693
576:	1.9999999999999998	3.8000000000000003	-0.025246530076685997	0.025246530076686063	0.05049306015337206	1.3040767883333333
577:	2.1999999999999997	3.8000000000000003	-0.02846818866745429	0.028468188667454274	0.05693637733490857	1.4507439760544858
578:	2.3999999999999995	3.8000000000000003	-0.03169094385757527	0.03169094385757534	0.0633818877151506	1.602033337570159
579:	2.5999999999999996	3.8000000000000003	-0.03491454017554229	0.034914540175542214	0.06982908035108451	1.7569219924067438
580:	2.8	3.8000000000000003	-0.03813879588237543	0.03813879588237543	0.07627759176475087	1.914683827871773
581:	2.9999999999999996	3.8000000000000003	-0.04136357809543765	0.04136357809543755	0.0827271561908752	2.074751844823134
582:	3.1999999999999993	3.8000000000000003	-0.044588787400089265	0.044588787400089404	0.08917757480017867	2.2367045085534634
583:	3.3999999999999995	3.8000000000000003	-0.04781434793448792	0.04781434793448788	0.0956286958689758	2.400216710255081
584:	3.5999999999999996	3.8000000000000003	-0.05104020080300602	0.05104020080300593	0.10208040160601195	2.5650258335893716
585:	3.7999999999999994	3.8000000000000003	-0.05426629958337585	0.05426629958337587	0.10853259916675173	2.7309474972824193
586:	3.999999999999999	3.8000000000000003	-0.057492607190005166	0.05749260719000542	0.11498521438001058	2.897810061356047
587:	4.199999999999999	3.8000000000000003	-0.0607190936386682	0.06071909363866826	0.12143818727733646	3.065481914023341
588:	4.3999999999999995	3.8000000000000003	-0.06394573442414006	0.06394573442414014	0.1278914688482802	3.233855046831357
589:	4.6	3.8000000000000003	-0.06717250932323232	0.06717250932323221	0.13434501864646453	3.4028399874784663
590:	4.799999999999999	3.8000000000000003	-0.07039940149852181	0.07039940149852182	0.14079880299704362	3.5723549461969664
591:	4.999999999999999	3.8000000000000003	-0.07362639681818113	0.07362639681818092	0.14725279363636207	3.742352230458778
592:	5.199999999999999	3.8000000000000003	-0.07685348333345715	0.07685348333345723	0.15370696666691439	3.9127699731652785
593:	5.399999999999999	3.8000000000000003	-0.08008065087275791	0.08008065087275801	0.1601613017455159	4.08356261806656
594:	5.599999999999999	3.8000000000000003	-0.08330789072306481	0.08330789072306492	0.16661578144612973	4.254691016779153
595:	5.799999999999999	3.8000000000000003	-0.08653519537751726	0.0865351953775172	0.17307039075503444	4.426121334857225
596:	5.999999999999999	3.8000000000000003	-0.08976255833366456	0.08976255833366445	0.179525116667329	4.597824175051393
597:	6.199999999999999	3.8000000000000003	-0.09298997393090332	0.09298997393090347	0.18597994786180677	4.769773869056835
598:	6.399999999999999	3.8000000000000003	-0.09621743721850391	0.09621743721850362	0.19243487443700752	4.941947901124671
599:	6.599999999999999	3.8000000000000003	-0.099444943872048	0.09944494387204825	0.19888988774409624	5.11433310130977
600:	6.799999999999999	3.8000000000000003	-0.10267249000445039	0.10267249000445015	0.20534498000890056	5.2868977698374
601:	1.0	4.0	-0.008820043260522561	0.008820043260522535	0.017640086521045095	0.7162488590934573
602:	1.2	4.0	-0.012021069196754292	0.012021069196754344	0.024042138393508636	0.8129265446933991
603:	1.4	4.0	-0.015230013408908488	0.015230013408908448	0.030460026817816933	0.9151468210291241
604:	1.5999999999999999	4.0	-0.01844384783608172	0.018443847836081686	0.036887695672163406	1.03216734608902
605:	1.7999999999999998	4.0	-0.021660915631867863	0.021660915631867835	0.0433218312637357	1.1606511113664646
606:	1.9999999999999998	4.0	-0.024880233179443895	0.024880233179443895	0.04976046635888779	1.2977924102233915
607:	2.1999999999999997	4.0	-0.028101179397799488	0.02810117939779939	0.05620235879559888	1.4415010348506534
608:	2.3999999999999995	4.0	-0.03132334262669154	0.03132334262669147	0.06264668525338302	1.5902833009885071
609:	2.5999999999999996	4.0	-0.03454643941956288	0.034546439419563015	0.0690928788391259	1.7430312956128984
610:	2.8	4.0	-0.037770267871296115	0.03777026787129614	0.07554053574259226	1.8989246608576886
611:	2.9999999999999996	4.0	-0.04099468046308194	0.04099468046308197	0.0819893609261639	2.0573716235064614
612:	3.1999999999999993	4.0	-0.04421956684873225	0.04421956684873223	0.08843913369746448	2.2178981122262202
613:	3.3999999999999995	4.0	-0.047444842836478346	0.04744484283647827	0.09488968567295661	2.380146139547056
614:	3.5999999999999996	4.0	-0.05067044307151873	0.05067044307151889	0.10134088614303763	2.543835161910538
615:	3.7999999999999994	4.0	-0.05389631604568684	0.053896316045686926	0.10779263209137377	2.708733907464617
616:	3.999999999999999	4.0	-0.05712242061407992	0.05712242061407985	0.11424484122815977	2.8746815760798903
617:	4.199999999999999	4.0	-0.06034872351308322	0.06034872351308325	0.12069744702616647	3.0415228672142636
618:	4.3999999999999995	4.0	-0.06357519755922113	0.06357519755922106	0.12715039511844217	3.2091384722950447
619:	4.6	4.0	-0.06680182032044586	0.06680182032044586	0.13360364064089172	3.377429547518681
620:	4.799999999999999	4.0	-0.07002857312132486	0.07002857312132493	0.1400571462426498	3.5463135044848872
621:	4.999999999999999	4.0	-0.07325544028815757	0.0732554402881573	0.14651088057631487	3.7157207931902354
622:	5.199999999999999	4.0	-0.07648240856911087	0.07648240856911082	0.1529648171382217	3.8855859309884755
623:	5.399999999999999	4.0	-0.07970946668379002	0.07970946668378978	0.15941893336757978	4.055872561836536
624:	5.599999999999999	4.0	-0.08293660496974041	0.08293660496974048	0.1658732099394809	4.226529691570935
625:	5.799999999999999	4.0	-0.08616381510238685	0.08616381510238667	0.17232763020477354	4.397519961051311
626:	5.999999999999999	4.0	-0.08939108987120455	0.08939108987120445	0.178782179742409	4.568810913894366
627:	6.199999999999999	4.0	-0.09261842299937505	0.0926184229993755	0.18523684599875057	4.740374213617309
628:	6.399999999999999	4.0	-0.09584580899738031	0.09584580899738022	0.19169161799476053	4.9121850065111525
629:	6.599999999999999	4.0	-0.09907324304330696	0.09907324304330709	0.19814648608661406	5.084221399535592
630:	6.799999999999999	4.0	-0.10230072088434704	0.10230072088434684	0.20460144176869388	5.256464029697446
631:	1.0	4.2	-0.008462611153371777	0.00846261115337174	0.016925222306743516	0.7154432160571529
632:	1.2	4.2	-0.011660769973851749	0.011660769973851808	0.023321539947703557	0.825894491313963
633:	1.4	4.2	-0.014867696353829812	0.01486769635382982	0.02973539270765963	0.9232891294438247
634:	1.5999999999999999	4.2	-0.01808003220306497	0.01808003220306498	0.036160064406129955	1.0353621539920548
635:	1.7999999999999998	4.2	-0.021295942667557147	0.021295942667557088	0.04259188533511424	1.1596000802902429
636:	1.9999999999999998	4.2	-0.024514339266883473	0.024514339266883418	0.04902867853376689	1.2931311099577623
637:	2.1999999999999997	4.2	-0.02773453510014918	0.027734535100149213	0.05546907020029839	1.4337864747601814
638:	2.3999999999999995	4.2	-0.03095607505640981	0.030956075056409744	0.06191215011281956	1.5799523013874022
639:	2.5999999999999996	4.2	-0.034178645925106	0.034178645925106	0.068357291850212	1.73045756292851
640:	2.8	4.2	-0.03740202460292048	0.037402024602920664	0.07480404920584115	1.8844055843136445
641:	2.9999999999999996	4.2	-0.04062604813627149	0.04062604813627141	0.0812520962725429	2.0411562518763104
642:	3.1999999999999993	4.2	-0.04385059465427654	0.043850594654276404	0.08770118930855295	2.200189419340638
643:	3.3999999999999995	4.2	-0.04707557118537018	0.04707557118537025	0.09415114237074043	2.3611132529200893
644:	3.5999999999999996	4.2	-0.05030090556812874	0.05030090556812865	0.10060181113625738	2.523620197338436
645:	3.7999999999999994	4.2	-0.05352654093584173	0.05352654093584156	0.10705308187168329	2.687465797485832
646:	3.999999999999999	4.2	-0.056752431867334446	0.056752431867334606	0.11350486373466906	2.852453471965966
647:	4.199999999999999	4.2	-0.05997854164478404	0.05997854164478398	0.11995708328956803	3.018415654877399
648:	4.3999999999999995	4.2	-0.06320484026401782	0.06320484026401772	0.12640968052803553	3.185237609030909
649:	4.6	4.2	-0.06643130296689011	0.06643130296689012	0.13286260593378024	3.352801785856975
650:	4.799999999999999	4.2	-0.06965790914258174	0.06965790914258169	0.13931581828516343	3.5210173891754586
651:	4.999999999999999	4.2	-0.0728846414939669	0.07288464149396694	0.14576928298793385	3.689807956522841
652:	5.199999999999999	4.2	-0.07611148539731302	0.07611148539731324	0.15222297079462627	3.8591086318369423
653:	5.399999999999999	4.2	-0.07933842840494378	0.07933842840494373	0.15867685680988752	4.028856870397324
654:	5.599999999999999	4.2	-0.08256545985495556	0.08256545985495554	0.16513091970991112	4.199020540497449
655:	5.799999999999999	4.2	-0.08579257056203411	0.08579257056203413	0.17158514112406825	4.369550071961743
656:	5.999999999999999	4.2	-0.08901975257036387	0.089019752570364	0.17803950514072786	4.540409798845157
657:	6.199999999999999	4.2	-0.0922469989545543	0.09224699895455417	0.18449399790910848	4.711568585361401
658:	6.399999999999999	4.2	-0.09547430365803154	0.09547430365803124	0.19094860731606278	4.882999125097634
659:	6.599999999999999	4.2	-0.09870166136092745	0.09870166136092753	0.19740332272185498	5.054677366711933
660:	6.799999999999999	4.2	-0.10192906737136376	0.10192906737136384	0.2038581347427276	5.226582040254167
661:	1.0	4.4	-0.00810602839574534	0.008106028395745351	0.01621205679149069	0.7100925366771977
662:	1.2	4.4	-0.011301165406592088	0.011301165406592121	0.02260233081318421	0.8394852869830886
663:	1.4	4.4	-0.014505967489785922	0.014505967489785897	0.02901193497957182	0.9330687227771716
664:	1.5999999999999999	4.4	-0.017716726902024815	0.017716726902024842	0.03543345380404966	1.0403087101907085
665:	1.7999999999999998	4.4	-0.020931420511295696	0.020931420511295696	0.04186284102259139	1.1602448968048098
666:	1.9999999999999998	4.4	-0.024148849144640792	0.024148849144640792	0.048297698289281585	1.2900763895172576
667:	2.1999999999999997	4.4	-0.027368256497388214	0.02736825649738834	0.054736512994776554	1.4275689529014497
668:	2.3999999999999995	4.4	-0.03058914179655917	0.03058914179655927	0.06117828359311844	1.5710280128941836
669:	2.5999999999999996	4.4	-0.033811160129921296	0.033811160129921226	0.06762232025984252	1.7192000954565527
670:	2.8	4.4	-0.037034066447507584	0.03703406644750751	0.0740681328950151	1.8711331753309544
671:	2.9999999999999996	4.4	-0.04025768143221763	0.04025768143221764	0.08051536286443528	2.026100608407891
672:	3.1999999999999993	4.4	-0.04348187109149333	0.043481871091493304	0.08696374218298664	2.183574216880192
673:	3.3999999999999995	4.4	-0.046706533221457576	0.04670653322145756	0.09341306644291514	2.3431144153807564
674:	3.5999999999999996	4.4	-0.04993158850474367	0.04993158850474375	0.09986317700948742	2.5043858391932283
675:	3.7999999999999994	4.4	-0.05315697444210248	0.05315697444210248	0.10631394888420496	2.6671215779106676
676:	3.999999999999999	4.4	-0.05638264111812726	0.05638264111812746	0.11276528223625473	2.8311067930740825
677:	4.199999999999999	4.4	-0.059608548185216916	0.059608548185217027	0.11921709637043394	2.9961667349190413
678:	4.3999999999999995	4.4	-0.06283466267548794	0.06283466267548787	0.1256693253509758	3.1621497336749376
679:	4.6	4.4	-0.06606095738701527	0.0660609573870154	0.13212191477403068	3.3289540340292807
680:	4.799999999999999	4.4	-0.06928740967587178	0.0692874096758718	0.1385748193517436	3.4964710085178465
681:	4.999999999999999	4.4	-0.07251400053968064	0.07251400053968093	0.1450280010793616	3.6646169656951244
682:	5.199999999999999	4.4	-0.07574071391377314	0.0757407139137732	0.15148142782754634	3.8333209172942535
683:	5.399999999999999	4.4	-0.07896753612453306	0.0789675361245332	0.15793507224906625	4.002522250874081
684:	5.599999999999999	4.4	-0.08219445546045348	0.08219445546045355	0.16438891092090702	4.172168896861442
685:	5.799999999999999	4.4	-0.08542146183233826	0.08542146183233829	0.17084292366467654	4.342209173575495
686:	5.999999999999999	4.4	-0.08864854650176685	0.08864854650176703	0.17729709300353386	4.512618375568168
687:	6.199999999999999	4.4	-0.09187570186233561	0.09187570186233586	0.18375140372467147	4.683354570176441
688:	6.399999999999999	4.4	-0.09510292126208275	0.0951029212620829	0.19020584252416567	4.854387883576277
689:	6.599999999999999	4.4	-0.09833019885832502	0.09833019885832472	0.19666039771664973	5.025692005282776
690:	6.799999999999999	4.4	-0.10155752949820995	0.10155752949820972	0.20311505899641968	5.1972436694288735
691:	1.0	4.6000000000000005	-0.0077502996425152315	0.007750299642515206	0.015500599285030437	0.7039318851020913
692:	1.2	4.6000000000000005	-0.010942258367773775	0.010942258367773756	0.021884516735547532	0.8519767047303126
693:	1.4	4.6000000000000005	-0.014144828795690415	0.01414482879569039	0.028289657591380805	0.9443553958482052
694:	1.5999999999999999	4.6000000000000005	-0.017353933344787367	0.01735393334478737	0.034707866689574735	1.0469263146471117
695:	1.7999999999999998	4.6000000000000005	-0.020567350219845758	0.02056735021984572	0.041134700439691474	1.1625369886251642
696:	1.9999999999999998	4.6000000000000005	-0.0237837636328189	0.0237837636328188	0.047567527265637705	1.2885947157780218
697:	2.1999999999999997	4.6000000000000005	-0.027002344244151877	0.027002344244151884	0.05400468848830376	1.4228367058190312
698:	2.3999999999999995	4.6000000000000005	-0.030222543171032512	0.030222543171032554	0.060445086342065066	1.563503322532527
699:	2.5999999999999996	4.6000000000000005	-0.03344398258552097	0.033443982585521004	0.06688796517104198	1.709249179997454
700:	2.8	4.6000000000000005	-0.03666639377985694	0.036666393779856976	0.07333278755971392	1.8590776802360134
701:	2.9999999999999996	4.6000000000000005	-0.03988958067175822	0.03988958067175817	0.0797791613435164	2.0122114464212597
702:	3.1999999999999993	4.6000000000000005	-0.04311339643809453	0.04311339643809449	0.08622679287618902	2.168048100364295
703:	3.3999999999999995	4.6000000000000005	-0.04633772918745174	0.04633772918745179	0.09267545837490354	2.326145927910385
704:	3.5999999999999996	4.6000000000000005	-0.04956249209528343	0.04956249209528333	0.09912498419056676	2.486128848767751
705:	3.7999999999999994	4.6000000000000005	-0.052787616754422416	0.05278761675442248	0.1055752335088449	2.647706838796769
706:	3.999999999999999	4.6000000000000005	-0.056013048536250984	0.05601304853625082	0.1120260970725018	2.8106461950259853
707:	4.199999999999999	4.6000000000000005	-0.05923874328705732	0.059238743287057305	0.11847748657411462	2.9747566715205718
708:	4.3999999999999995	4.6000000000000005	-0.06246466493164846	0.062464664931648387	0.12492932986329686	3.1398819219878593
709:	4.6	4.6000000000000005	-0.06569078370619197	0.06569078370619197	0.13138156741238394	3.305883812472515
710:	4.799999999999999	4.6000000000000005	-0.06891707483557886	0.06891707483557881	0.13783414967115767	3.472671931604361
711:	4.999999999999999	4.6000000000000005	-0.07214351753007837	0.07214351753007824	0.1442870350601566	3.6401454297595497
712:	5.199999999999999	4.6000000000000005	-0.07537009421482314	0.07537009421482314	0.1507401884296463	3.808226919179966
713:	5.399999999999999	4.6000000000000005	-0.07859678993142567	0.07859678993142552	0.1571935798628512	3.9768503215922806
714:	5.599999999999999	4.6000000000000005	-0.08182359186847162	0.08182359186847177	0.16364718373694337	4.145958873179254
715:	5.799999999999999	4.6000000000000005	-0.08505048898962084	0.08505048898962116	0.170100977979242	4.315503533466576
716:	5.999999999999999	4.6000000000000005	-0.08827747173643455	0.08827747173643441	0.17655494347286896	4.485441711817805
717:	6.199999999999999	4.6000000000000005	-0.09150453178897465	0.09150453178897464	0.18300906357794927	4.655729920914257
718:	6.399999999999999	4.6000000000000005	-0.09473166187148643	0.09473166187148609	0.18946332374297253	4.826349069419607
719:	6.599999999999999	4.6000000000000005	-0.09795885559355305	0.09795885559355313	0.19591771118710619	4.997263137821833
720:	6.799999999999999	4.6000000000000005	-0.10118610731939723	0.10118610731939724	0.20237221463879446	5.16844677536626
721:	1.0	4.800000000000001	-0.00739543008684235	0.007395430086842304	0.014790860173684653	0.6979718616757205
722:	1.2	4.800000000000001	-0.010584051912627047	0.010584051912627051	0.0211681038252541	0.8594986301053447
723:	1.4	4.800000000000001	-0.013784282177308628	0.013784282177308595	0.02756856435461722	0.9569081769563882
724:	1.5999999999999999	4.800000000000001	-0.016991652975805474	0.016991652975805488	0.03398330595161096	1.0551875764811502
725:	1.7999999999999998	4.800000000000001	-0.0202037328713701	0.020203732871370093	0.04040746574274019	1.1664226695835656
726:	1.9999999999999998	4.800000000000001	-0.023419083566305843	0.023419083566305874	0.04683816713261171	1.288651629184174
727:	2.1999999999999997	4.800000000000001	-0.026636799005712	0.026636799005711954	0.05327359801142395	1.419565218179212
728:	2.3999999999999995	4.800000000000001	-0.02985627981533276	0.02985627981533273	0.05971255963066549	1.5573479486541664
729:	2.5999999999999996	4.800000000000001	-0.03307711355816569	0.03307711355816573	0.06615422711633143	1.700599955242666
730:	2.8	4.800000000000001	-0.03629900707491285	0.03629900707491286	0.07259801414982571	1.8482413470411094
731:	2.9999999999999996	4.800000000000001	-0.039521746179399804	0.039521746179399804	0.07904349235879961	1.9994615974277727
732:	3.1999999999999993	4.800000000000001	-0.042745170974766454	0.04274517097476645	0.0854903419495329	2.153617924204476
733:	3.3999999999999995	4.800000000000001	-0.04596915932850704	0.0459691593285071	0.09193831865701413	2.3102039544825486
734:	3.5999999999999996	4.800000000000001	-0.04919361655569811	0.04919361655569826	0.09838723311139637	2.4688459482116176
735:	3.7999999999999994	4.800000000000001	-0.05241846806446162	0.05241846806446145	0.10483693612892307	2.629218674125115
736:	3.999999999999999	4.800000000000001	-0.05564365429294607	0.05564365429294595	0.11128730858589203	2.7910690186098774
737:	4.199999999999999	4.800000000000001	-0.05886912710421825	0.05886912710421844	0.1177382542084367	2.9541907385844484
738:	4.3999999999999995	4.800000000000001	-0.0620948471715846	0.062094847171584554	0.12418969434316915	3.118414223756899
739:	4.6	4.800000000000001	-0.0653207820507175	0.0653207820507172	0.13064156410143468	3.283598782430361
740:	4.799999999999999	4.800000000000001	-0.06854690473689581	0.06854690473689587	0.13709380947379168	3.4496267688241185
741:	4.999999999999999	4.800000000000001	-0.07177319257064911	0.07177319257064892	0.14354638514129803	3.6163911248802423
742:	5.199999999999999	4.800000000000001	-0.0749996263974252	0.07499962639742506	0.14999925279485027	3.7838244485922
743:	5.399999999999999	4.800000000000001	-0.0782261899150479	0.07822618991504791	0.1564523798300958	3.951846092655003
744:	5.599999999999999	4.800000000000001	-0.08145286916174593	0.08145286916174566	0.1629057383234916	4.120394400518049
745:	5.799999999999999	4.800000000000001	-0.08467965211065001	0.08467965211065002	0.16935930422130002	4.289416106844642
746:	5.999999999999999	4.800000000000001	-0.08790652834578896	0.08790652834578888	0.17581305669157785	4.458864951821939
747:	6.199999999999999	4.800000000000001	-0.0911334888010871	0.09113348880108685	0.18226697760217395	4.628700563593127
748:	6.399999999999999	4.800000000000001	-0.09436052554852058	0.09436052554852034	0.1887210510970409	4.798880617708342
749:	6.599999999999999	4.800000000000001	-0.09758763162496364	0.0975876316249635	0.19517526324992715	4.9693887294319445
750:	6.799999999999999	4.800000000000001	-0.10081480088971068	0.10081480088971083	0.20162960177942152	5.140189353575849
751:	1.0	5.0	-0.007041425025829292	0.007041425025829267	0.01408285005165856	0.692557011484304
752:	1.2	5.0	-0.010226549194571978	0.010226549194571964	0.020453098389143942	0.8592637845363692
753:	1.4	5.0	-0.013424329929635522	0.013424329929635468	0.02684865985927099	0.9703256842154443
754:	1.5999999999999999	5.0	-0.0166298872730979	0.016629887273097856	0.03325977454619576	1.0648682509843828
755:	1.7999999999999998	5.0	-0.019840569565967043	0.01984056956596702	0.039681139131934065	1.171842551390333
756:	1.9999999999999998	5.0	-0.023054809795102053	0.023054809795102073	0.046109619590204126	1.2902091831168199
757:	2.1999999999999997	5.0	-0.026271621458188395	0.026271621458188406	0.0525432429163768	1.4177291802507965
758:	2.3999999999999995	5.0	-0.029490352279900513	0.029490352279900545	0.05898070455980106	1.5525544752487108
759:	2.5999999999999996	5.0	-0.0327105535864376	0.032710553586437645	0.06542110717287525	1.69322768114731
760:	2.8	5.0	-0.03593190655329262	0.03593190655329268	0.0718638131065853	1.8386154832843802
761:	2.9999999999999996	5.0	-0.039154178283364434	0.039154178283364295	0.07830835656672873	1.9878541262603442
762:	3.1999999999999993	5.0	-0.04237719498520282	0.04237719498520281	0.08475438997040563	2.140258553278559
763:	3.3999999999999995	5.0	-0.045600823892247594	0.04560082389224763	0.09120164778449522	2.2952954065173006
764:	3.5999999999999996	5.0	-0.04882496210399177	0.0488249621039916	0.09764992420798338	2.452533761631666
765:	3.7999999999999994	5.0	-0.05204952856560341	0.05204952856560334	0.10409905713120675	2.611654156734348
766:	3.999999999999999	5.0	-0.05527445856091546	0.055274458560915535	0.11054891712183099	2.7723726401499724
767:	4.199999999999999	5.0	-0.05849969979186323	0.05849969979186337	0.1169993995837266	2.934466517972952
768:	4.3999999999999995	5.0	-0.06172520953545805	0.06172520953545801	0.12345041907091606	3.0977524987045717
769:	4.6	5.0	-0.0649509525478237	0.06495095254782374	0.12990190509564742	3.2620784506216327
770:	4.799999999999999	5.0	-0.06817689949583285	0.06817689949583285	0.1363537989916657	3.4273171072585464
771:	4.999999999999999	5.0	-0.07140302576760002	0.0714030257675999	0.14280605153519993	3.5933612175198144
772:	5.199999999999999	5.0	-0.07462931055917484	0.0746293105591747	0.14925862111834953	3.760111464217693
773:	5.399999999999999	5.0	-0.07785573616538807	0.07785573616538774	0.1557114723307758	3.9275075532310306
774:	5.599999999999999	5.0	-0.0810822874235115	0.0810822874235116	0.16216457484702312	4.0954734957477505
775:	5.799999999999999	5.0	-0.08430895127264114	0.08430895127264144	0.16861790254528258	4.26395163016573
776:	5.999999999999999	5.0	-0.08753571640165604	0.0875357164016562	0.17507143280331222	4.432891880595883
777:	6.199999999999999	5.0	-0.09076257296565189	0.09076257296565168	0.1815251459313036	4.602250544506413
778:	6.399999999999999	5.0	-0.09398951235579392	0.09398951235579432	0.18797902471158823	4.771989308063093
779:	6.599999999999999	5.0	-0.09721652701120712	0.09721652701120703	0.19443305402241415	4.942074437183256
780:	6.799999999999999	5.0	-0.10044361026420698	0.10044361026420681	0.2008872205284138	5.112469526435528
