1:	1.0	0.0	-0.017215674708636032	0.01721567470863603	0.034431349417272064	0.9369246525099633
2:	1.2	0.0	-0.02065880965036323	0.02065880965036323	0.04131761930072646	1.1243095830119552
3:	1.4	0.0	-0.024101944592090443	0.024101944592090425	0.048203889184180865	1.3116945135139475
4:	1.5999999999999999	0.0	-0.02754507953381767	0.027545079533817674	0.05509015906763534	1.4990794440159374
5:	1.7999999999999998	0.0	-0.030988214475544826	0.030988214475544826	0.06197642895108965	1.6864643745179302
6:	1.9999999999999998	0.0	-0.03443134941727207	0.03443134941727206	0.06886269883454413	1.873849305019923
7:	2.1999999999999997	0.0	-0.037874484358999275	0.03787448435899923	0.07574896871799851	2.061234235521912
8:	2.3999999999999995	0.0	-0.0413176193007265	0.04131761930072647	0.08263523860145297	2.248619166023908
9:	2.5999999999999996	0.0	-0.04476075424245366	0.044760754242453654	0.08952150848490731	2.436004096525897
10:	2.8	0.0	-0.048203889184180886	0.04820388918418085	0.09640777836836173	2.623389027027895
11:	2.9999999999999996	0.0	-0.05164702412590813	0.05164702412590807	0.1032940482518162	2.810773957529888
12:	3.1999999999999993	0.0	-0.05509015906763534	0.05509015906763534	0.11018031813527068	2.9981588880318757
13:	3.3999999999999995	0.0	-0.05853329400936242	0.058533294009362476	0.1170665880187249	3.1855438185338674
14:	3.5999999999999996	0.0	-0.06197642895108965	0.06197642895108965	0.1239528579021793	3.3729287490358626
15:	3.7999999999999994	0.0	-0.06541956389281683	0.06541956389281692	0.13083912778563375	3.560313679537854
16:	3.999999999999999	0.0	-0.06886269883454414	0.06886269883454411	0.13772539766908826	3.747698610039846
17:	4.199999999999999	0.0	-0.07230583377627127	0.07230583377627137	0.14461166755254262	3.9350835405418425
18:	4.3999999999999995	0.0	-0.07574896871799855	0.07574896871799847	0.15149793743599702	4.122468471043826
19:	4.6	0.0	-0.07919210365972575	0.07919210365972577	0.15838420731945152	4.309853401545821
20:	4.799999999999999	0.0	-0.082635238601453	0.08263523860145294	0.16527047720290594	4.4972383320478135
21:	4.999999999999999	0.0	-0.0860783735431801	0.0860783735431801	0.1721567470863602	4.684623262549808
22:	5.199999999999999	0.0	-0.08952150848490732	0.08952150848490731	0.17904301696981462	4.872008193051794
23:	5.399999999999999	0.0	-0.0929646434266346	0.09296464342663459	0.1859292868532692	5.059393123553791
24:	5.599999999999999	0.0	-0.09640777836836166	0.0964077783683617	0.19281555673672335	5.246778054055779
25:	5.799999999999999	0.0	-0.09985091331008901	0.09985091331008891	0.19970182662017794	5.434162984557769
26:	5.999999999999999	0.0	-0.10329404825181626	0.10329404825181614	0.2065880965036324	5.621547915059775
27:	6.199999999999999	0.0	-0.10673718319354342	0.10673718319354343	0.21347436638708683	5.808932845561761
28:	6.399999999999999	0.0	-0.11018031813527068	0.11018031813527068	0.22036063627054137	5.996317776063751
29:	6.599999999999999	0.0	-0.11362345307699778	0.11362345307699767	0.22724690615399545	6.183702706565744
30:	6.799999999999999	0.0	-0.11706658801872484	0.11706658801872495	0.2341331760374498	6.371087637067735
31:	1.0	0.2	-0.01685416957884595	0.016854169578845966	0.03370833915769192	0.8993984934088346
32:	1.2	0.2	-0.020297260947900516	0.02029726094790051	0.040594521895801025	1.0863430170982167
33:	1.4	0.2	-0.023740364766788587	0.023740364766788587	0.047480729533577175	1.2734115527894103
34:	1.5999999999999999	0.2	-0.02718347636672032	0.027183476366720378	0.05436695273344069	1.4605581438571804
35:	1.7999999999999998	0.2	-0.030626593153942467	0.03062659315394246	0.06125318630788493	1.6477570582681398
36:	1.9999999999999998	0.2	-0.03406971357222006	0.03406971357222004	0.0681394271444401	1.8349927605594991
37:	2.1999999999999997	0.2	-0.03751283663123383	0.037512836631233795	0.07502567326246762	2.0222553143825652
38:	2.3999999999999995	0.2	-0.04095596167077846	0.040955961670778425	0.08191192334155689	2.2095380676147083
39:	2.5999999999999996	0.2	-0.044399088233793946	0.04439908823379389	0.08879817646758784	2.396836398581127
40:	2.8	0.2	-0.047842215993812	0.047842215993811936	0.09568443198762394	2.5841469960565497
41:	2.9999999999999996	0.2	-0.051285344711424756	0.05128534471142482	0.10257068942284958	2.7714674254269958
42:	3.1999999999999993	0.2	-0.05472847420707807	0.054728474207078014	0.10945694841415608	2.9587958565386225
43:	3.3999999999999995	0.2	-0.058171604343466646	0.05817160434346659	0.11634320868693324	3.1461308870293747
44:	3.5999999999999996	0.2	-0.0616147350137981	0.06161473501379812	0.12322947002759621	3.3334714242127523
45:	3.7999999999999994	0.2	-0.06505786613376358	0.0650578661337635	0.1301157322675271	3.520816604055329
46:	3.999999999999999	0.2	-0.06850099763591626	0.06850099763591626	0.13700199527183252	3.7081657343313768
47:	4.199999999999999	0.2	-0.07194412946565647	0.07194412946565638	0.14388825893131285	3.8955182539354376
48:	4.3999999999999995	0.2	-0.07538726157831213	0.07538726157831216	0.1507745231566243	4.082873703236043
49:	4.6	0.2	-0.07883039393698017	0.07883039393698017	0.15766078787396035	4.270231702126222
50:	4.799999999999999	0.2	-0.08227352651090848	0.08227352651090855	0.16454705302181705	4.457591933535595
51:	4.999999999999999	0.2	-0.08571665927426525	0.08571665927426547	0.17143331854853072	4.644954130881866
52:	5.199999999999999	0.2	-0.08915979220519299	0.08915979220519311	0.1783195844103861	4.832318068405263
53:	5.399999999999999	0.2	-0.0926029252850721	0.0926029252850722	0.1852058505701443	5.019683553641906
54:	5.599999999999999	0.2	-0.09604605849794334	0.09604605849794344	0.1920921169958868	5.207050421503298
55:	5.799999999999999	0.2	-0.0994891918300487	0.09948919183004852	0.19897838366009724	5.394418529575823
56:	5.999999999999999	0.2	-0.10293232526946407	0.1029323252694641	0.20586465053892816	5.581787754356701
57:	6.199999999999999	0.2	-0.1063754588058049	0.10637545880580497	0.21275091761160986	5.76915798821576
58:	6.399999999999999	0.2	-0.10981859242998399	0.10981859242998396	0.21963718485996794	5.9565291369245985
59:	6.599999999999999	0.2	-0.11326172613401612	0.11326172613401579	0.22652345226803192	6.1439011176339875
60:	6.799999999999999	0.2	-0.11670485991085508	0.11670485991085496	0.23340971982171005	6.331273857204816
61:	1.0	0.4	-0.016493187518980875	0.01649318751898088	0.03298637503796176	0.8670500160066301
62:	1.2	0.4	-0.0199361480887989	0.019936148088798924	0.03987229617759783	1.052727575324885
63:	1.4	0.4	-0.02337915849370602	0.02337915849370603	0.04675831698741205	1.2388821613853271
64:	1.5999999999999999	0.4	-0.026822200040390348	0.02682220004039036	0.05364440008078071	1.4253379269762956
65:	1.7999999999999998	0.4	-0.030265262345850277	0.030265262345850235	0.06053052469170051	1.6119961258142497
66:	1.9999999999999998	0.4	-0.0337083391812065	0.0337083391812065	0.067416678362413	1.7987969867855278
67:	2.1999999999999997	0.4	-0.037151426583063064	0.03715142658306304	0.0743028531661261	1.9857021918549977
68:	2.3999999999999995	0.4	-0.04059452190938068	0.04059452190938066	0.08118904381876135	2.1726860341979584
69:	2.5999999999999996	0.4	-0.04403762332050703	0.044037623320507015	0.08807524664101404	2.3597306196052026
70:	2.8	0.4	-0.047480729533577175	0.047480729533577175	0.09496145906715435	2.5468231055794965
71:	2.9999999999999996	0.4	-0.050923839577312204	0.05092383957731219	0.1018476791546244	2.7339540347615596
72:	3.1999999999999993	0.4	-0.05436695273344076	0.05436695273344074	0.1087339054668815	2.921116287714694
73:	3.3999999999999995	0.4	-0.057810068452699113	0.05781006845269908	0.11562013690539819	3.1083044020494293
74:	3.5999999999999996	0.4	-0.061253186307884934	0.06125318630788492	0.12250637261576985	3.295514116536459
75:	3.7999999999999994	0.4	-0.06469630596173487	0.0646963059617348	0.12939261192346968	3.4827420579578585
76:	3.999999999999999	0.4	-0.06813942714444012	0.06813942714444007	0.1362788542888802	3.669985521119103
77:	4.199999999999999	0.4	-0.07158254963758526	0.07158254963758535	0.14316509927517063	3.8572423112013965
78:	4.3999999999999995	0.4	-0.07502567326246766	0.07502567326246759	0.15005134652493524	4.044510628765192
79:	4.6	0.4	-0.07846879787146427	0.07846879787146416	0.15693759574292843	4.231788984518354
80:	4.799999999999999	0.4	-0.08191192334155692	0.08191192334155685	0.16382384668311378	4.419076135229459
81:	4.999999999999999	0.4	-0.08535504956941031	0.08535504956941035	0.17071009913882068	4.606371034906916
82:	5.199999999999999	0.4	-0.08879817646758789	0.08879817646758778	0.17759635293517567	4.7936727971622775
83:	5.399999999999999	0.4	-0.09224130396160662	0.09224130396160664	0.18448260792321325	4.9809806658773335
84:	5.599999999999999	0.4	-0.09568443198762404	0.09568443198762401	0.19136886397524805	5.168293992113116
85:	5.799999999999999	0.4	-0.09912756049060435	0.0991275604906043	0.19825512098120865	5.355612215763562
86:	5.999999999999999	0.4	-0.10257068942284951	0.10257068942284964	0.20514137884569916	5.542934850854006
87:	6.199999999999999	0.4	-0.10601381874281685	0.10601381874281685	0.2120276374856337	5.730261473666467
88:	6.399999999999999	0.4	-0.10945694841415614	0.10945694841415603	0.21891389682831217	5.9175917130772495
89:	6.599999999999999	0.4	-0.11290007840492336	0.11290007840492358	0.22580015680984694	6.104925242640238
90:	6.799999999999999	0.4	-0.11634320868693329	0.11634320868693318	0.23268641737386647	6.292261774058759
91:	1.0	0.6000000000000001	-0.016132728833494307	0.016132728833494286	0.032265457666988594	0.839672896078965
92:	1.2	0.6000000000000001	-0.019575471274134875	0.019575471274134854	0.03915094254826973	1.0233023546928663
93:	1.4	0.6000000000000001	-0.02301832591524649	0.023018325915246492	0.04603665183049298	1.2079772838602294
94:	1.5999999999999999	0.6000000000000001	-0.02646125066084028	0.026461250660840315	0.052922501321680596	1.3933130247205465
95:	1.7999999999999998	0.6000000000000001	-0.029904222133198363	0.02990422213319834	0.0598084442663967	1.579093694118417
96:	1.9999999999999998	0.6000000000000001	-0.03334722630941683	0.03334722630941683	0.06669445261883367	1.7651859261123355
97:	2.1999999999999997	0.6000000000000001	-0.0367902542675683	0.03679025426756827	0.07358050853513656	1.9515098763420375
98:	2.3999999999999995	0.6000000000000001	-0.040233300060585536	0.0402333000605855	0.08046660012117104	2.1380068904700438
99:	2.5999999999999996	0.6000000000000001	-0.0436763595717501	0.04367635957175012	0.08735271914350021	2.324637722609653
100:	2.8	0.6000000000000001	-0.047119429860826546	0.04711942986082651	0.09423885972165305	2.5113741794060465
101:	2.9999999999999996	0.6000000000000001	-0.050562508771809796	0.05056250877180977	0.10112501754361956	2.6981954801800345
102:	3.1999999999999993	0.6000000000000001	-0.05400559468780104	0.05400559468780104	0.10801118937560208	2.885085967996907
103:	3.3999999999999995	0.6000000000000001	-0.057448686372416825	0.05744868637241678	0.11489737274483361	3.072033620356522
104:	3.5999999999999996	0.6000000000000001	-0.0608917828640711	0.060891782864071084	0.12178356572814218	3.2590290512976106
105:	3.7999999999999994	0.6000000000000001	-0.06433488340364808	0.06433488340364811	0.1286697668072962	3.4460648254670914
106:	3.999999999999999	0.6000000000000001	-0.06777798738387732	0.06777798738387722	0.13555597476775455	3.633134975925482
107:	4.199999999999999	0.6000000000000001	-0.07122109431317426	0.07122109431317422	0.1424421886263485	3.8202346583695403
108:	4.3999999999999995	0.6000000000000001	-0.074664203789345	0.074664203789345	0.14932840757869	4.007359898743266
109:	4.6	0.6000000000000001	-0.07810731547040908	0.07810731547040908	0.15621463094081817	4.194507406059082
110:	4.799999999999999	0.6000000000000001	-0.0815504291001611	0.08155042910016111	0.16310085820032222	4.3816744315721925
111:	4.999999999999999	0.6000000000000001	-0.08499354443495157	0.08499354443495143	0.169987088869903	4.5688586614385
112:	5.199999999999999	0.6000000000000001	-0.08843666127803836	0.08843666127803833	0.17687332255607668	4.756058133916866
113:	5.399999999999999	0.6000000000000001	-0.09187977946182742	0.09187977946182754	0.18375955892365498	4.943271174804767
114:	5.599999999999999	0.6000000000000001	-0.09532289884266679	0.09532289884266673	0.19064579768533352	5.1304963465863604
115:	5.799999999999999	0.6000000000000001	-0.09876601929671941	0.09876601929671944	0.19753203859343885	5.317732408009648
116:	5.999999999999999	0.6000000000000001	-0.10220914071666028	0.10220914071666024	0.20441828143332053	5.5049782816787065
117:	6.199999999999999	0.6000000000000001	-0.10565226300901275	0.10565226300901252	0.21130452601802527	5.692233027865324
118:	6.399999999999999	0.6000000000000001	-0.10909538609198559	0.10909538609198552	0.2181907721839711	5.879495823190054
119:	6.599999999999999	0.6000000000000001	-0.11253850989370143	0.11253850989370139	0.2250770197874028	6.066765943147826
120:	6.799999999999999	0.6000000000000001	-0.1159816343507397	0.11598163435073972	0.23196326870147943	6.254042747692228
121:	1.0	0.8	-0.015772793959794463	0.015772793959794477	0.03154558791958894	0.8171316267217523
122:	1.2	0.8	-0.019215230780819183	0.01921523078081921	0.038430461561638395	0.9979483997226253
123:	1.4	0.8	-0.022657867221085554	0.022657867221085527	0.04531573444217108	1.1806006118816912
124:	1.5999999999999999	0.8	-0.02610062836551313	0.026100628365513124	0.052201256731026255	1.3644031395898846
125:	1.7999999999999998	0.8	-0.02954347261986312	0.029543472619863145	0.05908694523972627	1.5489805277365551
126:	1.9999999999999998	0.8	-0.032986375037961736	0.032986375037961764	0.0659727500759235	1.7341049593871163
127:	2.1999999999999997	0.8	-0.03642931974975074	0.036429319749750756	0.0728586394995015	1.9196301455011489
128:	2.3999999999999995	0.8	-0.039872296177597806	0.039872296177597834	0.07974459235519564	2.105457810653372
129:	2.5999999999999996	0.8	-0.04331529699982679	0.04331529699982673	0.08663059399965352	2.2915194613338277
130:	2.8	0.8	-0.04675831698741204	0.04675831698741206	0.0935166339748241	2.4777658811028216
131:	2.9999999999999996	0.8	-0.05020135230618063	0.05020135230618061	0.10040270461236124	2.6641607836973464
132:	3.1999999999999993	0.8	-0.05364440008078068	0.05364440008078065	0.10728880016156134	2.8506770084322475
133:	3.3999999999999995	0.8	-0.05708745811259323	0.057087458112593296	0.11417491622518652	3.037293143589929
134:	3.5999999999999996	0.8	-0.06053052469170055	0.06053052469170047	0.12106104938340102	3.223992251634405
135:	3.7999999999999994	0.8	-0.06397359846824911	0.06397359846824908	0.1279471969364982	3.41076298133941
136:	3.999999999999999	0.8	-0.067416678362413	0.067416678362413	0.134833356724826	3.59759397357447
137:	4.199999999999999	0.8	-0.07085976350008752	0.07085976350008752	0.14171952700017504	3.784476758195713
138:	4.3999999999999995	0.8	-0.07430285316612613	0.07430285316612607	0.1486057063322522	3.971404383712074
139:	4.6	0.8	-0.07774594676977634	0.07774594676977636	0.1554918935395527	4.158371091115637
140:	4.799999999999999	0.8	-0.08118904381876137	0.08118904381876133	0.1623780876375227	4.345372068397252
141:	4.999999999999999	0.8	-0.08463214389958067	0.08463214389958074	0.16926428779916142	4.532403263364722
142:	5.199999999999999	0.8	-0.08807524666235851	0.08807524666235847	0.176150493324717	4.719461239211286
143:	5.399999999999999	0.8	-0.09151835180905986	0.09151835180905993	0.1830367036181198	4.906543061852197
144:	5.599999999999999	0.8	-0.09496145908423238	0.09496145908423229	0.18992291816846468	5.093646211159591
145:	5.799999999999999	0.8	-0.098404568267662	0.09840456826766208	0.1968091365353241	5.280768510379071
146:	5.999999999999999	0.8	-0.10184767916850128	0.10184767916850113	0.20369535833700242	5.467908069523547
147:	6.199999999999999	0.8	-0.10529079162053054	0.10529079162053043	0.21058158324106097	5.655063239616115
148:	6.399999999999999	0.8	-0.1087339054783098	0.10873390547830965	0.21746781095661943	5.842232575429686
149:	6.599999999999999	0.8	-0.11217702061403038	0.11217702061403029	0.22435404122806069	6.029414804936662
150:	6.799999999999999	0.8	-0.11562013691492165	0.11562013691492186	0.23124027382984352	6.216608804099082
151:	1.0	1.0	-0.01541338336645716	0.01541338336645715	0.03082676673291431	0.7992994339285052
152:	1.2	1.0	-0.01885542693029931	0.018855426930299297	0.03771085386059861	0.9766069502858733
153:	1.4	1.0	-0.022297782628213327	0.022297782628213306	0.044595565256426634	1.1566958766792985
154:	1.5999999999999999	1.0	-0.025740333309794514	0.025740333309794545	0.051480666619589055	1.338566899709233
155:	1.7999999999999998	1.0	-0.02918301392213287	0.029183013922132912	0.05836602784426578	1.5216050504655638
156:	1.9999999999999998	1.0	-0.0326257854568914	0.0326257854568914	0.0652515709137828	1.7055039244869332
157:	2.1999999999999997	1.0	-0.03606862310126209	0.03606862310126211	0.07213724620252421	1.8900193233323261
158:	2.3999999999999995	1.0	-0.03951151031870353	0.039511510318703494	0.07902302063740702	2.075000304823376
159:	2.5999999999999996	1.0	-0.04295443566369836	0.04295443566369832	0.08590887132739668	2.2603415973883454
160:	2.8	1.0	-0.04639739096250066	0.046397390962500625	0.09279478192500129	2.445967522318082
161:	2.9999999999999996	1.0	-0.04984037022199722	0.04984037022199724	0.09968074044399447	2.631822263327982
162:	3.1999999999999993	1.0	-0.05328336894795392	0.05328336894795395	0.10656673789590787	2.8178637405954245
163:	3.3999999999999995	1.0	-0.056726383703989296	0.05672638370398926	0.11345276740797855	3.004059622836152
164:	3.5999999999999996	1.0	-0.0601694118176175	0.06016941181761746	0.12033882363523496	3.1903846537445752
165:	3.7999999999999994	1.0	-0.06361245117915502	0.06361245117915494	0.12722490235830997	3.3768188136500696
166:	3.999999999999999	1.0	-0.06705550010097586	0.0670555001009758	0.13411100020195166	3.5633460267841186
167:	4.199999999999999	1.0	-0.0704985572169923	0.07049855721699229	0.1409971144339846	3.749953233979688
168:	4.3999999999999995	1.0	-0.07394162140955816	0.0739416214095581	0.14788324281911625	3.936629715597519
169:	4.6	1.0	-0.07738469175544603	0.07738469175544606	0.1547693835108921	4.123366589218069
170:	4.799999999999999	1.0	-0.08082776748533357	0.08082776748533357	0.16165553497066715	4.310156431589407
171:	4.999999999999999	1.0	-0.08427084795301625	0.08427084795301615	0.1685416959060324	4.496993109213092
172:	5.199999999999999	1.0	-0.08771393261172444	0.08771393261172448	0.17542786522344894	4.683871067160466
173:	5.399999999999999	1.0	-0.0911570209957076	0.09115702099570763	0.18231404199141524	4.870785430891673
174:	5.599999999999999	1.0	-0.09460011270576216	0.09460011270576214	0.18920022541152431	5.057733331611565
175:	5.799999999999999	1.0	-0.09804320739775696	0.09804320739775677	0.19608641479551372	5.244710855711569
176:	5.999999999999999	1.0	-0.10148630477345191	0.10148630477345201	0.20297260954690394	5.431715085496872
177:	6.199999999999999	1.0	-0.10492940457309619	0.10492940457309607	0.20985880914619226	5.618743474745805
178:	6.399999999999999	1.0	-0.10837250656941234	0.10837250656941237	0.21674501313882472	5.805793791349952
179:	6.599999999999999	1.0	-0.11181561056267583	0.111815610562676	0.22363122112535183	5.99286407027432
180:	6.799999999999999	1.0	-0.11525871637666245	0.11525871637666248	0.23051743275332492	6.1799525747325434
181:	1.0	1.2000000000000002	-0.015054497689500184	0.015054497689500174	0.03010899537900036	0.7860383289816268
182:	1.2	1.2000000000000002	-0.018496060039748536	0.01849606003974857	0.03699212007949711	0.9591593213312527
183:	1.4	1.2000000000000002	-0.021938072386693847	0.021938072386693843	0.04387614477338769	1.1361902512303697
184:	1.5999999999999999	1.2000000000000002	-0.025380365670716498	0.025380365670716495	0.050760731341432996	1.315715979245708
185:	1.7999999999999998	1.2000000000000002	-0.028822846171228805	0.02882284617122882	0.05764569234245762	1.4969386413516954
186:	1.9999999999999998	1.2000000000000002	-0.03226545766698858	0.03226545766698849	0.06453091533397706	1.6793661884781443
187:	2.1999999999999997	1.2000000000000002	-0.0357081644017252	0.03570816440172519	0.07141632880345039	1.862644450045832
188:	2.3999999999999995	1.2000000000000002	-0.039150942548269674	0.039150942548269674	0.07830188509653935	2.046604709383997
189:	2.5999999999999996	1.2000000000000002	-0.04259377561639888	0.04259377561639888	0.08518755123279775	2.2310772295722847
190:	2.8	1.2000000000000002	-0.04603665183049298	0.046036651830492985	0.09207330366098596	2.4159545677198095
191:	2.9999999999999996	1.2000000000000002	-0.049479562556942636	0.049479562556942636	0.09895912511388527	2.601157439080473
192:	3.1999999999999993	1.2000000000000002	-0.052922501321680596	0.05292250132168057	0.10584500264336116	2.786626049440815
193:	3.3999999999999995	1.2000000000000002	-0.05636546317467886	0.056365463174678776	0.11273092634935764	2.97231444399404
194:	3.5999999999999996	1.2000000000000002	-0.059808444266396726	0.05980844426639668	0.1196168885327934	3.158186716002319
195:	3.7999999999999994	1.2000000000000002	-0.06325144155804903	0.063251441558049	0.12650288311609803	3.3442143976686167
196:	3.999999999999999	1.2000000000000002	-0.06669445261883367	0.06669445261883367	0.13338890523766733	3.530374625155465
197:	4.199999999999999	1.2000000000000002	-0.070137475481118	0.07013747548111807	0.14027495096223608	3.7166488216642253
198:	4.3999999999999995	1.2000000000000002	-0.0735805085351366	0.07358050853513654	0.14716101707027313	3.90302173572445
199:	4.6	1.2000000000000002	-0.07702355045116706	0.07702355045116709	0.15404710090233414	4.089480727599945
200:	4.799999999999999	1.2000000000000002	-0.08046660012117107	0.080466600121171	0.1609332002423421	4.276015232142915
201:	4.999999999999999	1.2000000000000002	-0.08390965661444315	0.0839096566144432	0.16781931322888635	4.462616349161447
202:	5.199999999999999	1.2000000000000002	-0.0873527191435002	0.08735271914350023	0.17470543828700041	4.6492765272937895
203:	5.399999999999999	1.2000000000000002	-0.09079578703755088	0.09079578703755076	0.18159157407510162	4.835989317374115
204:	5.599999999999999	1.2000000000000002	-0.09423885972165308	0.09423885972165316	0.18847771944330624	5.02274917807941
205:	5.799999999999999	1.2000000000000002	-0.0976819367001845	0.0976819367001845	0.195363873400369	5.209551321355561
206:	5.999999999999999	1.2000000000000002	-0.10112501754361959	0.10112501754361954	0.20225003508723913	5.396391588426987
207:	6.199999999999999	1.2000000000000002	-0.10456810187786583	0.1045681018778657	0.20913620375573153	5.583266349548386
208:	6.399999999999999	1.2000000000000002	-0.10801118937560208	0.10801118937560208	0.21602237875120417	5.770172422352858
209:	6.599999999999999	1.2000000000000002	-0.11145427974918906	0.11145427974918906	0.22290855949837812	5.9571070048886305
210:	6.799999999999999	1.2000000000000002	-0.11489737274483365	0.11489737274483355	0.22979474548966722	6.144067620348021
211:	1.0	1.4000000000000001	-0.01469613759868388	0.014696137598683864	0.029392275197367743	0.7771801849542765
212:	1.2	1.4000000000000001	-0.01813713058754764	0.018137130587547623	0.03627426117509526	0.9455258009672107
213:	1.4	1.4000000000000001	-0.021578736713040038	0.021578736713040003	0.04315747342608004	1.119019208198053
214:	1.5999999999999999	1.4000000000000001	-0.025020725647857588	0.02502072564785761	0.050041451295715196	1.2958431156675103
215:	1.7999999999999998	1.4000000000000001	-0.028462969513849853	0.028462969513849887	0.05692593902769974	1.474929797372794
216:	1.9999999999999998	1.4000000000000001	-0.03190539178011717	0.031905391780117164	0.06381078356023434	1.6556186396246144
217:	2.1999999999999997	1.4000000000000001	-0.03534794373896717	0.035347943738967096	0.07069588747793426	1.8374919693820233
218:	2.3999999999999995	1.4000000000000001	-0.03879059293690707	0.03879059293690702	0.0775811858738141	2.0202662140964445
219:	2.5999999999999996	1.4000000000000001	-0.04223331691582287	0.04223331691582291	0.08446663383164578	2.20371863161244
220:	2.8	1.4000000000000001	-0.04567609963964805	0.045676099639648	0.09135219927929605	2.38770549428107
221:	2.9999999999999996	1.4000000000000001	-0.0491189293518133	0.04911892935181332	0.09823785870362661	2.5721465892116493
222:	3.1999999999999993	1.4000000000000001	-0.05256179723686882	0.05256179723686882	0.10512359447373763	2.756945579832539
223:	3.3999999999999995	1.4000000000000001	-0.0560046965548482	0.056004696554848146	0.11200939310969635	2.942040643373919
224:	3.5999999999999996	1.4000000000000001	-0.05944762206438393	0.059447622064383907	0.11889524412876784	3.1273834601277555
225:	3.7999999999999994	1.4000000000000001	-0.06289056962811343	0.06289056962811349	0.12578113925622691	3.3129357124197822
226:	3.999999999999999	1.4000000000000001	-0.06633353593653382	0.06633353593653374	0.13266707187306756	3.4986666196166
227:	4.199999999999999	1.4000000000000001	-0.06977651831079618	0.06977651831079615	0.13955303662159232	3.6845511686765104
228:	4.3999999999999995	1.4000000000000001	-0.07321951455931149	0.07321951455931149	0.14643902911862297	3.870568820861785
229:	4.6	1.4000000000000001	-0.07666252287178063	0.0766625228717807	0.15332504574356132	4.0567025523379066
230:	4.799999999999999	1.4000000000000001	-0.08010554173972702	0.08010554173972706	0.16021108347945406	4.242938131586573
231:	4.999999999999999	1.4000000000000001	-0.08354856989611123	0.08354856989611123	0.16709713979222246	4.429263568312982
232:	5.199999999999999	1.4000000000000001	-0.08699160626888396	0.0869916062688841	0.17398321253776805	4.615668688094179
233:	5.399999999999999	1.4000000000000001	-0.09043464994486526	0.09043464994486525	0.1808692998897305	4.802144800493273
234:	5.599999999999999	1.4000000000000001	-0.09387770014136626	0.09387770014136618	0.18775540028273244	4.9886844375016866
235:	5.799999999999999	1.4000000000000001	-0.09732075618368416	0.09732075618368419	0.19464151236736835	5.175281145498192
236:	5.999999999999999	1.4000000000000001	-0.10076381748709956	0.10076381748709964	0.2015276349741992	5.361929318357798
237:	6.199999999999999	1.4000000000000001	-0.10420688354235941	0.10420688354235932	0.20841376708471873	5.548624062507231
238:	6.399999999999999	1.4000000000000001	-0.107649953903882	0.10764995390388182	0.2152999078077638	5.735361087005423
239:	6.599999999999999	1.4000000000000001	-0.11109302818010715	0.11109302818010706	0.2221860563602142	5.92213661339108
240:	6.799999999999999	1.4000000000000001	-0.11453610602555142	0.11453610602555145	0.22907221205110287	6.108947301266319
241:	1.0	1.6	-0.014338303874729863	0.014338303874729855	0.028676607749459716	0.7724999871721094
242:	1.2	1.6	-0.017778639021170356	0.017778639021170342	0.0355572780423407	0.9355908117195889
243:	1.4	1.6	-0.021219775996762676	0.021219775996762676	0.04243955199352535	1.1051186687600276
244:	1.5999999999999999	1.6	-0.024661413386331456	0.024661413386331446	0.049322826772662906	1.278879095065723
245:	1.7999999999999998	1.6	-0.028103384064975524	0.028103384064975517	0.05620676812995104	1.4555422359465162
246:	1.9999999999999998	1.6	-0.03154558791958898	0.03154558791958891	0.0630911758391779	1.6342706619495186
247:	2.1999999999999997	1.6	-0.03498796120926391	0.03498796120926392	0.06997592241852782	1.814515331178584
248:	2.3999999999999995	1.6	-0.03843046156163838	0.03843046156163836	0.07686092312327675	1.9959181884657804
249:	2.5999999999999996	1.6	-0.04187305962484642	0.04187305962484639	0.0837461192496928	2.17821322099293
250:	2.8	1.6	-0.04531573444217111	0.04531573444217105	0.09063146888434216	2.361223925084445
251:	2.9999999999999996	1.6	-0.04875847065058539	0.048758470650585375	0.09751694130117076	2.5447898471221393
252:	3.1999999999999993	1.6	-0.05220125673102625	0.05220125673102631	0.10440251346205257	2.728820085300444
253:	3.3999999999999995	1.6	-0.05564408387683576	0.055644083876835726	0.11128816775367148	2.9132233538666403
254:	3.5999999999999996	1.6	-0.05908694523972624	0.05908694523972629	0.11817389047945254	3.097961055472335
255:	3.7999999999999994	1.6	-0.06252983541405396	0.0625298354140539	0.12505967082810787	3.2829698452174565
256:	3.999999999999999	1.6	-0.06597275007592347	0.06597275007592353	0.131945500151847	3.4682099187738347
257:	4.199999999999999	1.6	-0.06941568572547539	0.06941568572547545	0.13883137145095084	3.6536489237713936
258:	4.3999999999999995	1.6	-0.07285863949950148	0.07285863949950151	0.145717278999003	3.839260290939211
259:	4.6	1.6	-0.07630160903297117	0.07630160903297117	0.15260321806594235	4.025021995101057
260:	4.799999999999999	1.6	-0.07974459235519561	0.07974459235519567	0.15948918471039128	4.210915621350609
261:	4.999999999999999	1.6	-0.08318758781092317	0.08318758781092325	0.16637517562184642	4.396925653196152
262:	5.199999999999999	1.6	-0.08663059399965357	0.08663059399965346	0.17326118799930704	4.583038922696592
263:	5.399999999999999	1.6	-0.09007360972844229	0.09007360972844218	0.18014721945688447	4.769244181411893
264:	5.599999999999999	1.6	-0.09351663397482421	0.09351663397482415	0.18703326794964836	4.955531762225359
265:	5.799999999999999	1.6	-0.09695966585740887	0.09695966585740885	0.19391933171481773	5.141893310330573
266:	5.999999999999999	1.6	-0.10040270461236125	0.10040270461236123	0.20080540922472248	5.328321567408501
267:	6.199999999999999	1.6	-0.10384574957443463	0.10384574957443476	0.2076914991488694	5.514810197104529
268:	6.399999999999999	1.6	-0.10728880016156137	0.1072888001615613	0.21457760032312267	5.701353642860442
269:	6.599999999999999	1.6	-0.11073185586224633	0.11073185586224636	0.2214637117244927	5.887947011305671
270:	6.799999999999999	1.6	-0.11417491622518645	0.11417491622518659	0.22834983245037305	6.074585975996768
271:	1.0	1.8	-0.013980997397576989	0.013980997397576985	0.027961994795153974	0.7717080986142912
272:	1.2	1.8	-0.01742058586586713	0.01742058586586714	0.034841171731734275	0.9292048866090339
273:	1.4	1.8	-0.020861190549716815	0.020861190549716815	0.04172238109943363	1.094406108268454
274:	1.5999999999999999	1.8	-0.024302429224132404	0.02430242922413241	0.048604858448264815	1.2647853481779912
275:	1.7999999999999998	1.8	-0.02774409005962287	0.027744090059622802	0.055488180119245674	1.4387389819339316
276:	1.9999999999999998	1.8	-0.031186046163960035	0.031186046163960025	0.062372092327920056	1.615273669492845
277:	2.1999999999999997	1.8	-0.034628216879470375	0.03462821687947039	0.06925643375894076	1.7937066841501916
278:	2.3999999999999995	1.8	-0.038070548506074706	0.03807054850607474	0.07614109701214944	1.973580240548353
279:	2.5999999999999996	1.8	-0.041513003811451905	0.0415130038114519	0.0830260076229038	2.1545675822875507
280:	2.8	1.8	-0.04495555629430539	0.04495555629430537	0.08991111258861076	2.336445558385875
281:	2.9999999999999996	1.8	-0.04839818650048282	0.048398186500482845	0.09679637300096566	2.5190355106252187
282:	3.1999999999999993	1.8	-0.051840879844311835	0.051840879844311794	0.10368175968862363	2.7022177433816172
283:	3.3999999999999995	1.8	-0.05528362517517215	0.05528362517517223	0.11056725035034437	2.8858684170162987
284:	3.5999999999999996	1.8	-0.058726413822404525	0.058726413822404525	0.11745282764480905	3.0699225959628116
285:	3.7999999999999994	1.8	-0.062169238942124734	0.06216923894212486	0.12433847788424959	3.2543051820210027
286:	3.999999999999999	1.8	-0.06561209506017028	0.06561209506017014	0.13122419012034042	3.438993636432845
287:	4.199999999999999	1.8	-0.06905497774573939	0.06905497774573939	0.13810995549147878	3.623931851579415
288:	4.3999999999999995	1.8	-0.07249788337410669	0.07249788337410669	0.14499576674821338	3.809086497878522
289:	4.6	1.8	-0.07594080895127972	0.0759408089512798	0.15188161790255952	3.9944299412003414
290:	4.799999999999999	1.8	-0.07938375198252079	0.0793837519825207	0.1587675039650415	4.179939074161098
291:	4.999999999999999	1.8	-0.08282671037244292	0.0828267103724429	0.16565342074488582	4.365594423960225
292:	5.199999999999999	1.8	-0.08626968234817234	0.08626968234817217	0.1725393646963445	4.551379463668799
293:	5.399999999999999	1.8	-0.08971266639959495	0.08971266639959503	0.17942533279918998	4.73728007402465
294:	5.599999999999999	1.8	-0.09315566123241563	0.0931556612324155	0.18631132246483112	4.923284119708111
295:	5.799999999999999	1.8	-0.09659866573093039	0.09659866573093033	0.19319733146186072	5.109381111928297
296:	5.999999999999999	1.8	-0.10004167892825039	0.10004167892825047	0.20008335785650086	5.2955619377455
297:	6.199999999999999	1.8	-0.10348469998229005	0.10348469998229028	0.20696939996458033	5.481818641166076
298:	6.399999999999999	1.8	-0.10692772815625955	0.10692772815625949	0.21385545631251904	5.668144244804207
299:	6.599999999999999	1.8	-0.11037076280270486	0.11037076280270482	0.22074152560540966	5.854532603594211
300:	6.799999999999999	1.8	-0.11381380335036637	0.11381380335036638	0.22762760670073273	6.04097828402247
301:	1.0	2.0	-0.013624219211133234	0.013624219211133227	0.02724843842226646	0.774480464138381
302:	1.2	2.0	-0.017062971703579316	0.01706297170357932	0.03412594340715863	0.9261825285575574
303:	1.4	2.0	-0.020502980749003013	0.02050298074900298	0.04100596149800599	1.0867736713396086
304:	1.5999999999999999	2.0	-0.023943773382814153	0.02394377338281413	0.047887546765628286	1.2534777538852835
305:	1.7999999999999998	2.0	-0.027385087662960467	0.02738508766296039	0.05477017532592086	1.4244895654609848
306:	1.9999999999999998	2.0	-0.030826766732914294	0.03082676673291427	0.06165353346582857	1.598598868802503
307:	2.1999999999999997	2.0	-0.034268710912356413	0.034268710912356476	0.0685374218247129	1.7750285649812172
308:	2.3999999999999995	2.0	-0.03771085381489638	0.03771085381489638	0.07542170762979276	1.9532139005320777
309:	2.5999999999999996	2.0	-0.041153149548858264	0.041153149548858244	0.0823062990977165	2.132764608252201
310:	2.8	2.0	-0.044595565256426654	0.04459556525642661	0.08919113051285327	2.313397347863962
311:	2.9999999999999996	2.0	-0.04803807695204799	0.04803807695204803	0.09607615390409602	2.494897735579969
312:	3.1999999999999993	2.0	-0.05148066661958904	0.05148066661958909	0.10296133323917814	2.677115766257086
313:	3.3999999999999995	2.0	-0.05492332048662197	0.05492332048662188	0.10984664097324384	2.85992331152596
314:	3.5999999999999996	2.0	-0.05836602784426574	0.058366027844265825	0.11673205568853157	3.0432356601851467
315:	3.7999999999999994	2.0	-0.061808780240155785	0.06180878024015577	0.12361756048031156	3.226952021426928
316:	3.999999999999999	2.0	-0.0652515709137828	0.0652515709137828	0.1305031418275656	3.4110251066251833
317:	4.199999999999999	2.0	-0.06869439439332355	0.06869439439332355	0.1373887887866471	3.5954050017157093
318:	4.3999999999999995	2.0	-0.07213724620252418	0.07213724620252422	0.14427449240504842	3.780050720262809
319:	4.6	2.0	-0.07558012264411422	0.0755801226441143	0.15116024528822852	3.9649180749217865
320:	4.799999999999999	2.0	-0.07902302063740706	0.07902302063740699	0.15804604127481403	4.150000609646256
321:	4.999999999999999	2.0	-0.08246593759490442	0.08246593759490438	0.16493187518980879	4.3352623984672025
322:	5.199999999999999	2.0	-0.08590887132739672	0.08590887132739664	0.17181774265479335	4.520683194776389
323:	5.399999999999999	2.0	-0.08935181997016405	0.08935181997016405	0.1787036399403281	4.706245699977413
324:	5.599999999999999	2.0	-0.09279478192500132	0.09279478192500125	0.18558956385000258	4.891935044697187
325:	5.799999999999999	2.0	-0.0962377558142437	0.09623775581424375	0.19247551162848744	5.077738376199317
326:	5.999999999999999	2.0	-0.09968074044399444	0.09968074044399448	0.19936148088798894	5.263644526698658
327:	6.199999999999999	2.0	-0.10312373477446948	0.10312373477446933	0.2062474695489388	5.449643745629861
328:	6.399999999999999	2.0	-0.10656673789590784	0.1065667378959079	0.21313347579181574	5.63572748122143
329:	6.599999999999999	2.0	-0.11000974900886447	0.11000974900886422	0.2200194980177287	5.821888201360689
330:	6.799999999999999	2.0	-0.11345276740797859	0.11345276740797852	0.2269055348159571	6.008119245694671
331:	1.0	2.2	-0.013267970331370756	0.013267970331370749	0.026535940662741505	0.7804223695754884
332:	1.2	2.2	-0.01670579721783818	0.016705797217838155	0.03341159443567633	0.9263283003484242
333:	1.4	2.2	-0.020145147007099354	0.020145147007099348	0.0402902940141987	1.0820934103466986
334:	1.5999999999999999	2.2	-0.023585446146075842	0.02358544614607586	0.0471708922921517	1.244896117239729
335:	1.7999999999999998	2.2	-0.027026377079975062	0.027026377079975072	0.05405275415995013	1.412721902477536
336:	1.9999999999999998	2.2	-0.03046774974946511	0.03046774974946504	0.06093549949893015	1.584224920109797
337:	2.1999999999999997	2.2	-0.033909443406205726	0.03390944340620577	0.0678188868124115	1.7584697761433412
338:	2.3999999999999995	2.2	-0.03735137764791598	0.03735137764791596	0.07470275529583195	1.9348010330519652
339:	2.5999999999999996	2.2	-0.040793496862102825	0.040793496862102804	0.08158699372420564	2.1127757689111504
340:	2.8	2.2	-0.04423576135372585	0.044235761353725825	0.08847152270745168	2.2920464102562588
341:	2.9999999999999996	2.2	-0.04767814205921465	0.04767814205921462	0.09535628411842927	2.4723622837888377
342:	3.1999999999999993	2.2	-0.051120617102482314	0.05112061710248227	0.10224123420496459	2.6535331581606267
343:	3.3999999999999995	2.2	-0.05456316985022628	0.054563169850226294	0.10912633970045257	2.8354083166322512
344:	3.5999999999999996	2.2	-0.05800578733905646	0.058005787339056376	0.11601157467811284	3.017881422611501
345:	3.7999999999999994	2.2	-0.06144845933757781	0.06144845933757783	0.12289691867515565	3.200856005761092
346:	3.999999999999999	2.2	-0.06489117766263308	0.06489117766263298	0.12978235532526605	3.3842704606472047
347:	4.199999999999999	2.2	-0.06833393569113193	0.06833393569113197	0.13666787138226388	3.568039223367256
348:	4.3999999999999995	2.2	-0.07177672800516116	0.0717767280051611	0.14355345601032227	3.752127617287551
349:	4.6	2.2	-0.0752195501297626	0.07521955012976254	0.15043910025952514	3.9364948128137227
350:	4.799999999999999	2.2	-0.0786623983363284	0.0786623983363283	0.1573247966726567	4.121106673645984
351:	4.999999999999999	2.2	-0.08210526949321918	0.08210526949321918	0.16421053898643836	4.3059344372365596
352:	5.199999999999999	2.2	-0.08554816095088381	0.08554816095088379	0.1710963219017676	4.490943556398557
353:	5.399999999999999	2.2	-0.08899107045252404	0.08899107045252402	0.17798214090504805	4.676134805157704
354:	5.599999999999999	2.2	-0.09243399606391818	0.09243399606391818	0.18486799212783636	4.861478565498404
355:	5.799999999999999	2.2	-0.09587693611777194	0.09587693611777168	0.19175387223554363	5.046959393284271
356:	5.999999999999999	2.2	-0.09931988916920573	0.09931988916920559	0.19863977833841132	5.232563868134261
357:	6.199999999999999	2.2	-0.10276285395986338	0.1027628539598633	0.20552570791972669	5.418280272044682
358:	6.399999999999999	2.2	-0.10620582938875336	0.10620582938875336	0.21241165877750673	5.604098326837799
359:	6.599999999999999	2.2	-0.10964881448839384	0.10964881448839399	0.21929762897678784	5.790008979372625
360:	6.799999999999999	2.2	-0.11309180840517129	0.11309180840517125	0.22618361681034255	5.9760042238652265
361:	1.0	2.4000000000000004	-0.012912252000502259	0.01291225200050223	0.025824504001004486	0.7891022057476176
362:	1.2	2.4000000000000004	-0.016349063053359862	0.016349063053359876	0.03269812610671974	0.9293765565503959
363:	1.4	2.4000000000000004	-0.01978768977283423	0.019787689772834228	0.03957537954566846	1.08022725293509
364:	1.5999999999999999	2.4000000000000004	-0.023227447821156186	0.02322744782115617	0.04645489564231235	1.2389398488304784
365:	1.7999999999999998	2.4000000000000004	-0.026667958531755513	0.02666795853175552	0.05333591706351103	1.4033939857032192
366:	1.9999999999999998	2.4000000000000004	-0.030108995379000362	0.030108995379000348	0.06021799075800071	1.5720876332291946
367:	2.1999999999999997	2.4000000000000004	-0.03355041448862807	0.033550414488628055	0.06710082897725612	1.7439829704440588
368:	2.3999999999999995	2.4000000000000004	-0.036992120079497225	0.03699212007949721	0.07398424015899444	1.9183306648734408
369:	2.5999999999999996	2.4000000000000004	-0.04043404591212961	0.0404340459121296	0.08086809182425922	2.094587003087454
370:	2.8	2.4000000000000004	-0.04387614471175855	0.04387614471175853	0.08775228942351708	2.272380502415406
371:	2.9999999999999996	2.4000000000000004	-0.047318381833061224	0.047318381833061224	0.09463676366612245	2.451405992910225
372:	3.1999999999999993	2.4000000000000004	-0.05076073130594638	0.050760731305946306	0.10152146261189268	2.631440320724979
373:	3.3999999999999995	2.4000000000000004	-0.0542031733073469	0.054203173307347	0.1084063466146939	2.812310873418785
374:	3.5999999999999996	2.4000000000000004	-0.05764569234245761	0.05764569234245764	0.11529138468491525	2.9938821698295626
375:	3.7999999999999994	2.4000000000000004	-0.0610882762654512	0.0610882762654512	0.1221765525309024	3.176042663866204
376:	3.999999999999999	2.4000000000000004	-0.06453091533397716	0.06453091533397698	0.12906183066795412	3.3587140141654377
377:	4.199999999999999	2.4000000000000004	-0.06797360166325662	0.06797360166325653	0.13594720332651317	3.541820806065308
378:	4.3999999999999995	2.4000000000000004	-0.0714163288034504	0.07141632880345038	0.14283265760690078	3.725305054819555
379:	4.6	2.4000000000000004	-0.07485909142740409	0.07485909142740406	0.14971818285480815	3.909129085216214
380:	4.799999999999999	2.4000000000000004	-0.07830188509653935	0.07830188509653935	0.1566037701930787	4.093230127949931
381:	4.999999999999999	2.4000000000000004	-0.08174470608298608	0.08174470608298615	0.16348941216597224	4.277586657673966
382:	5.199999999999999	2.4000000000000004	-0.08518755123279775	0.08518755123279775	0.1703751024655955	4.462169802421663
383:	5.399999999999999	2.4000000000000004	-0.08863041785958932	0.08863041785958935	0.17726083571917867	4.646954898041347
384:	5.599999999999999	2.4000000000000004	-0.09207330366098594	0.09207330366098596	0.1841466073219719	4.8319207472460945
385:	5.799999999999999	2.4000000000000004	-0.09551620665236932	0.09551620665236936	0.1910324133047387	5.017038856474051
386:	5.999999999999999	2.4000000000000004	-0.09895912511388527	0.09895912511388527	0.19791825022777054	5.202314878160574
387:	6.199999999999999	2.4000000000000004	-0.10240205754771485	0.1024020575477149	0.20480411509542976	5.387723343853859
388:	6.399999999999999	2.4000000000000004	-0.10584500264336119	0.10584500264336114	0.21169000528672233	5.573252098881369
389:	6.599999999999999	2.4000000000000004	-0.10928795924925219	0.10928795924925212	0.21857591849850433	5.758890436441143
390:	6.799999999999999	2.4000000000000004	-0.11273092634935772	0.11273092634935755	0.22546185269871527	5.944628888044393
391:	1.0	2.6	-0.012557065546910039	0.012557065546910034	0.025114131093820075	0.8000306757510067
392:	1.2	2.6	-0.015992770002131354	0.015992770002131364	0.03198554000426272	0.9350754680766485
393:	1.4	2.6	-0.019430609586741865	0.01943060958674186	0.03886121917348373	1.0810177635922846
394:	1.5999999999999999	2.6	-0.022869778739398192	0.022869778739398192	0.045739557478796385	1.2355110254532717
395:	1.7999999999999998	2.6	-0.026309832255835892	0.02630983225583586	0.05261966451167176	1.396427212603901
396:	1.9999999999999998	2.6	-0.029750503798621555	0.02975050379862148	0.059501007597243034	1.5621504657744176
397:	2.1999999999999997	2.6	-0.03319162429586799	0.033191624295868	0.066383248591736	1.7315422516988939
398:	2.3999999999999995	2.6	-0.036633081217164916	0.03663308121716494	0.07326616243432985	1.9037580728673837
399:	2.5999999999999996	2.6	-0.04007479675278861	0.04007479675278857	0.08014959350557718	2.0781915536036824
400:	2.8	2.6	-0.04351671537747332	0.04351671537747327	0.0870334307549466	2.2543940023976927
401:	2.9999999999999996	2.6	-0.046958796403606104	0.046958796403606104	0.09391759280721221	2.432019475598416
402:	3.1999999999999993	2.6	-0.05040100933425463	0.0504010093342546	0.10080201866850923	2.6108286538815886
403:	3.3999999999999995	2.6	-0.053843330860061774	0.05384333086006176	0.10768666172012353	2.790611303131932
404:	3.5999999999999996	2.6	-0.05728574285921445	0.05728574285921445	0.1145714857184289	2.97121028079211
405:	3.7999999999999994	2.6	-0.06072823105649335	0.060728231056493415	0.12145646211298677	3.1525004122789273
406:	3.999999999999999	2.6	-0.06417078395647928	0.06417078395647932	0.1283415679129586	3.3343808174483645
407:	4.199999999999999	2.6	-0.06761339233499444	0.06761339233499446	0.1352267846699889	3.516765592932248
408:	4.3999999999999995	2.6	-0.07105604861986495	0.07105604861986507	0.14211209723973	3.699595356459748
409:	4.6	2.6	-0.07449874655712227	0.07449874655712231	0.1489974931142446	3.882809360557187
410:	4.799999999999999	2.6	-0.07794148093608576	0.07794148093608586	0.1558829618721716	4.066360699562226
411:	4.999999999999999	2.6	-0.08138424738049914	0.08138424738049913	0.16276849476099825	4.250220969138724
412:	5.199999999999999	2.6	-0.08482704218791767	0.0848270421879177	0.16965408437583537	4.434332638612295
413:	5.399999999999999	2.6	-0.08826986220482096	0.08826986220482097	0.17653972440964194	4.618680083969279
414:	5.599999999999999	2.6	-0.09171270472851176	0.09171270472851185	0.18342540945702362	4.803238566430349
415:	5.799999999999999	2.6	-0.09515556742932828	0.0951555674293284	0.1903111348586567	4.9879867036261105
416:	5.999999999999999	2.6	-0.09859844828842823	0.0985984482884282	0.19719689657685643	5.172905918053174
417:	6.199999999999999	2.6	-0.10204134554762186	0.10204134554762179	0.20408269109524363	5.357979990860552
418:	6.399999999999999	2.6	-0.10548425766861855	0.10548425766861864	0.2109685153372372	5.543184415867399
419:	6.599999999999999	2.6	-0.10892718329968985	0.10892718329968991	0.21785436659937976	5.728528358495569
420:	6.799999999999999	2.6	-0.1123701212482165	0.11237012124821665	0.22474024249643315	5.91398918094111
421:	1.0	2.8000000000000003	-0.012202412422235147	0.012202412422235133	0.02440482484447028	0.8126999549038305
422:	1.2	2.8000000000000003	-0.015636918897683837	0.01563691889768386	0.0312738377953677	0.9431203478267697
423:	1.4	2.8000000000000003	-0.019073906895586513	0.019073906895586513	0.038147813791173026	1.0842726493812254
424:	1.5999999999999999	2.8000000000000003	-0.02251243930011597	0.02251243930011596	0.045024878600231924	1.234503859776767
425:	1.7999999999999998	2.8000000000000003	-0.025951998506545795	0.025951998506545813	0.051903997013091605	1.3917493048382694
426:	1.9999999999999998	2.8000000000000003	-0.029392275197367774	0.029392275197367743	0.05878455039473551	1.5543719327529981
427:	2.1999999999999997	2.8000000000000003	-0.032833072972955436	0.03283307297295542	0.06566614594591086	1.7211098465123875
428:	2.3999999999999995	2.8000000000000003	-0.036274261175095246	0.036274261175095274	0.07254852235019052	1.891063812059559
429:	2.5999999999999996	2.8000000000000003	-0.03971574947591342	0.03971574947591338	0.0794314989518268	2.063546311438241
430:	2.8	2.8000000000000003	-0.043157473426080076	0.043157473426080006	0.08631494685216008	2.238052442334019
431:	2.9999999999999996	2.8000000000000003	-0.04659938580375177	0.04659938580375179	0.09319877160750356	2.4142000165065998
432:	3.1999999999999993	2.8000000000000003	-0.05004145121739916	0.0500414512173991	0.10008290243479825	2.5916861631227994
433:	3.3999999999999995	2.8000000000000003	-0.05348364261853723	0.05348364261853719	0.10696728523707442	2.7703031756042455
434:	3.5999999999999996	2.8000000000000003	-0.05692593897959462	0.05692593897959459	0.11385187795918922	2.9498595947219273
435:	3.7999999999999994	2.8000000000000003	-0.06036832370662065	0.0603683237066207	0.12073664741324136	3.130211956574963
436:	3.999999999999999	2.8000000000000003	-0.06381078356023434	0.06381078356023433	0.12762156712046868	3.3112444222522504
437:	4.199999999999999	2.8000000000000003	-0.06725330773286729	0.06725330773286721	0.1345066154657345	3.492862531466395
438:	4.3999999999999995	2.8000000000000003	-0.07069588747793434	0.07069588747793419	0.14139177495586852	3.674983938757366
439:	4.6	2.8000000000000003	-0.07413851553991817	0.07413851553991826	0.14827703107983642	3.857554101672312
440:	4.799999999999999	2.8000000000000003	-0.07758118587381414	0.07758118587381405	0.1551623717476282	4.040513305211821
441:	4.999999999999999	2.8000000000000003	-0.08102389340275674	0.08102389340275681	0.16204778680551357	4.223815983089655
442:	5.199999999999999	2.8000000000000003	-0.08446663383164574	0.08446663383164582	0.16893326766329156	4.4074234297034
443:	5.399999999999999	2.8000000000000003	-0.08790940350223288	0.08790940350223284	0.17581880700446573	4.591302556962807
444:	5.599999999999999	2.8000000000000003	-0.0913521992792959	0.09135219927929576	0.18270439855859166	4.775435149274682
445:	5.799999999999999	2.8000000000000003	-0.09479501846038299	0.09479501846038305	0.18959003692076604	4.959774764250771
446:	5.999999999999999	2.8000000000000003	-0.0982378587036266	0.09823785870362664	0.19647571740725323	5.144311836872669
447:	6.199999999999999	2.8000000000000003	-0.10168071796954044	0.10168071796954038	0.20336143593908082	5.329027653122423
448:	6.399999999999999	2.8000000000000003	-0.10512359447373763	0.10512359447373763	0.21024718894747527	5.513905800156516
449:	6.599999999999999	2.8000000000000003	-0.1085664866482533	0.10856648664825326	0.21713297329650655	5.698931822457452
450:	6.799999999999999	2.8000000000000003	-0.1120093931096964	0.11200939310969629	0.2240187862193927	5.884092937884125
451:	1.0	3.0	-0.011848294276409368	0.01184829427640937	0.02369658855281874	0.8263760217774555
452:	1.2	3.0	-0.015281510641521197	0.015281510641521239	0.030563021283042436	0.9531794978906862
453:	1.4	3.0	-0.018717582300257978	0.018717582300258013	0.03743516460051599	1.0897954905447134
454:	1.5999999999999999	3.0	-0.022155429820593067	0.022155429820593042	0.04431085964118611	1.235764070569461
455:	1.7999999999999998	3.0	-0.025594457591566862	0.025594457591566862	0.051188915183133725	1.3892829903394124
456:	1.9999999999999998	3.0	-0.029034309776445187	0.029034309776445225	0.058068619552890416	1.5486748110508386
457:	2.1999999999999997	3.0	-0.03247476067385834	0.03247476067385842	0.06494952134771675	1.7126540433486113
458:	2.3999999999999995	3.0	-0.03591566007422124	0.03591566007422124	0.07183132014844248	1.8802166305956713
459:	2.5999999999999996	3.0	-0.03935690417856871	0.039356904178568713	0.07871380835713743	2.0506370386744073
460:	2.8	3.0	-0.042798418936920664	0.04279841893692066	0.08559683787384131	2.2233448838509866
461:	2.9999999999999996	3.0	-0.04624015009937143	0.04624015009937142	0.09248030019874284	2.3979133310644523
462:	3.1999999999999993	3.0	-0.04968205701081146	0.04968205701081144	0.0993641140216229	2.5740129120492896
463:	3.3999999999999995	3.0	-0.05312410860232549	0.05312410860232551	0.106248217204651	2.7513861964230237
464:	3.5999999999999996	3.0	-0.05656628072234464	0.056566280722344535	0.11313256144468917	2.929820850780575
465:	3.7999999999999994	3.0	-0.06000855431259504	0.06000855431259509	0.12001710862519013	3.1091728792423763
466:	3.999999999999999	3.0	-0.06345091413243299	0.06345091413243299	0.12690182826486598	3.2893004009017575
467:	4.199999999999999	3.0	-0.06689334784836155	0.06689334784836168	0.13378669569672325	3.4700960217892898
468:	4.3999999999999995	3.0	-0.07033584540225912	0.07033584540225912	0.14067169080451825	3.6514712389487753
469:	4.6	3.0	-0.07377839839772214	0.07377839839772224	0.14755679679544437	3.833352491940078
470:	4.799999999999999	3.0	-0.07722099992938375	0.07722099992938355	0.1544419998587673	4.015673649382752
471:	4.999999999999999	3.0	-0.08066364416747136	0.08066364416747139	0.16132728833494275	4.198392517705683
472:	5.199999999999999	3.0	-0.08410632618001383	0.08410632618001396	0.1682126523600278	4.381459440669573
473:	5.399999999999999	3.0	-0.08754904176639855	0.08754904176639858	0.17509808353279713	4.564836668272442
474:	5.599999999999999	3.0	-0.0909917873266382	0.09099178732663808	0.18198357465327628	4.748491729353869
475:	5.799999999999999	3.0	-0.09443455975771407	0.09443455975771411	0.18886911951542817	4.932396540768324
476:	5.999999999999999	3.0	-0.09787735637067414	0.0978773563706743	0.19575471274134842	5.116537659937056
477:	6.199999999999999	3.0	-0.10132017482378995	0.10132017482378998	0.20264034964757993	5.300870455634596
478:	6.399999999999999	3.0	-0.10476301306825847	0.10476301306825844	0.2095260261365169	5.485388767565896
479:	6.599999999999999	3.0	-0.10820586930378634	0.10820586930378631	0.21641173860757265	5.670076080393808
480:	6.799999999999999	3.0	-0.1116487419420167	0.11164874194201693	0.22329748388403364	5.854917789958871
481:	1.0	3.2	-0.011494712730392573	0.011494712730392577	0.02298942546078515	0.840300933466365
482:	1.2	3.2	-0.014926546205497604	0.014926546205497573	0.029853092410995177	0.9649456631281993
483:	1.4	3.2	-0.018361636409588992	0.018361636409588964	0.036723272819177956	1.0973678391817778
484:	1.5999999999999999	3.2	-0.02179875073781315	0.021798750737813136	0.043597501475626285	1.2391687422087618
485:	1.7999999999999998	3.2	-0.025237209744899423	0.02523720974489943	0.050474419489798854	1.3889109908603152
486:	1.9999999999999998	3.2	-0.02867660774945966	0.0286766077494597	0.05735321549891936	1.5449999737677216
487:	2.1999999999999997	3.2	-0.032116687561638546	0.03211668756163854	0.06423337512327709	1.7061105080257384
488:	2.3999999999999995	3.2	-0.03555727804234068	0.03555727804234066	0.07111455608468134	1.8711919807098356
489:	2.5999999999999996	3.2	-0.03899826096312739	0.03899826096312732	0.07799652192625471	2.0394374543228606
490:	2.8	3.2	-0.04243955199352535	0.04243955199352535	0.0848791039870507	2.2102509724509556
491:	2.9999999999999996	3.2	-0.04588108935970077	0.04588108935970082	0.0917621787194016	2.3831517318792317
492:	3.1999999999999993	3.2	-0.04932282677266287	0.049322826772662795	0.09864565354532567	2.5577742197949545
493:	3.3999999999999995	3.2	-0.05276472886088311	0.05276472886088313	0.10552945772176625	2.733831471049727
494:	3.5999999999999996	3.2	-0.05620676812995105	0.05620676812995103	0.11241353625990208	2.911095760151984
495:	3.7999999999999994	3.2	-0.05964892288491326	0.05964892288491331	0.11929784576982658	3.089384463483636
496:	3.999999999999999	3.2	-0.06309117577741499	0.06309117577741495	0.12618235155482993	3.268541323871419
497:	4.199999999999999	3.2	-0.06653351276884968	0.06653351276884968	0.13306702553769936	3.448463094598963
498:	4.3999999999999995	3.2	-0.06997592237684937	0.06997592237684938	0.13995184475369876	3.6290403744023836
499:	4.6	3.2	-0.07341839511870092	0.07341839511870103	0.14683679023740195	3.810190168547416
500:	4.799999999999999	3.2	-0.07686092312327676	0.07686092312327672	0.1537218462465535	3.991842893103243
501:	4.999999999999999	3.2	-0.08030349969307805	0.0803034996930781	0.16060699938615614	4.173939788470225
502:	5.199999999999999	3.2	-0.08374611924969284	0.08374611924969277	0.1674922384993856	4.356426441980546
503:	5.399999999999999	3.2	-0.08718877701245772	0.08718877701245765	0.1743775540249154	4.53926979422808
504:	5.599999999999999	3.2	-0.09063146888434202	0.09063146888434216	0.18126293776868418	4.722427741419326
505:	5.799999999999999	3.2	-0.094074191333954	0.09407419133395414	0.18814838266790815	4.905868513180764
506:	5.999999999999999	3.2	-0.09751694130117078	0.09751694130117075	0.19503388260234153	5.089564486267005
507:	6.199999999999999	3.2	-0.1009597161210553	0.10095971612105525	0.20191943224211056	5.273491529711659
508:	6.399999999999999	3.2	-0.1044025134620525	0.10440251346205262	0.20880502692410513	5.457628469925819
509:	6.599999999999999	3.2	-0.10784533127543401	0.10784533127543394	0.21569066255086794	5.641966974158337
510:	6.799999999999999	3.2	-0.11128816775367152	0.11128816775367145	0.22257633550734296	5.826468711704334
511:	1.0	3.4000000000000004	-0.01114166968642614	0.011141669686426128	0.02228333937285227	0.8535194747930076
512:	1.2	3.4000000000000004	-0.01457202663427717	0.014572026634277157	0.029144053268554328	0.9779139678240201
513:	1.4	3.4000000000000004	-0.018006069875005023	0.01800606987500504	0.036012139750010067	1.1067968399508767
514:	1.5999999999999999	3.4000000000000004	-0.02144240248817498	0.021442402488175003	0.042884804976349986	1.2445581755788422
515:	1.7999999999999998	3.4000000000000004	-0.024880255298730846	0.02488025529873089	0.04976051059746174	1.3905443759078941
516:	1.9999999999999998	3.4000000000000004	-0.028319169388020645	0.028319169388020603	0.05663833877604125	1.5432798973984168
517:	2.1999999999999997	3.4000000000000004	-0.03175885380860952	0.031758853808609544	0.06351770761721906	1.7014337914832958
518:	2.3999999999999995	3.4000000000000004	-0.03519911521422585	0.035199115214225814	0.07039823042845167	1.863934878568968
519:	2.5999999999999996	3.4000000000000004	-0.03863981993734856	0.03863981993734857	0.07727963987469713	2.0299284178838564
520:	2.8	3.4000000000000004	-0.042080872683670015	0.04208087268367	0.08416174536734002	2.198748301743248
521:	2.9999999999999996	3.4000000000000004	-0.04552220365738069	0.045522203657380675	0.09104440731476136	2.369897547545563
522:	3.1999999999999993	3.4000000000000004	-0.048963760563897334	0.048963760563897354	0.09792752112779468	2.542965309808985
523:	3.3999999999999995	3.4000000000000004	-0.052405503445954314	0.052405503445954224	0.10481100689190853	2.717635108525503
524:	3.5999999999999996	3.4000000000000004	-0.05584740124680972	0.055847401246809654	0.11169480249361938	2.8936547469371727
525:	3.7999999999999994	3.4000000000000004	-0.059289429462021266	0.059289429462021266	0.11857885892404253	3.070821335573633
526:	3.999999999999999	3.4000000000000004	-0.06273156849759301	0.06273156849759295	0.12546313699518596	3.248970124428358
527:	4.199999999999999	3.4000000000000004	-0.0661738024983696	0.06617380249836954	0.13234760499673914	3.427956930859793
528:	4.3999999999999995	3.4000000000000004	-0.06961611849667036	0.0696161184966703	0.13923223699334067	3.607689815628957
529:	4.6	3.4000000000000004	-0.07305850578347181	0.07305850578347182	0.14611701156694362	3.7880652509705577
530:	4.799999999999999	3.4000000000000004	-0.07650095543708793	0.07650095543708797	0.15300191087417592	3.969005377264461
531:	4.999999999999999	3.4000000000000004	-0.07994345996516355	0.07994345996516353	0.15988691993032708	4.150444352756808
532:	5.199999999999999	3.4000000000000004	-0.08338601305799902	0.08338601305799882	0.16677202611599784	4.332326172214135
533:	5.399999999999999	3.4000000000000004	-0.08682860925612254	0.08682860925612243	0.17365721851224497	4.514602906295356
534:	5.599999999999999	3.4000000000000004	-0.09027124396672252	0.09027124396672262	0.18054248793344513	4.6972333027661675
535:	5.799999999999999	3.4000000000000004	-0.0937139132021922	0.09371391320219224	0.18742782640438443	4.880177920746156
536:	5.999999999999999	3.4000000000000004	-0.09715661350712636	0.09715661350712637	0.19431322701425274	5.063413787189143
537:	6.199999999999999	3.4000000000000004	-0.10059934187239153	0.10059934187239165	0.20119868374478317	5.246909362459064
538:	6.399999999999999	3.4000000000000004	-0.10404209566532621	0.10404209566532605	0.20808419133065226	5.430640865873167
539:	6.599999999999999	3.4000000000000004	-0.10748487257264513	0.10748487257264536	0.2149697451452905	5.614587341166499
540:	6.799999999999999	3.4000000000000004	-0.11092767055343085	0.11092767055343075	0.22185534110686161	5.798730249296101
541:	1.0	3.6	-0.010789167154690556	0.010789167154690563	0.02157833430938112	0.8649921957697971
542:	1.2	3.6	-0.01421795313169123	0.014217953131691234	0.028435906263382466	0.9916511026038174
543:	1.4	3.6	-0.017650883391798725	0.017650883391798718	0.03530176678359744	1.1177454227736807
544:	1.5999999999999999	3.6	-0.021086385535782088	0.02108638553578206	0.04217277107156415	1.2517659705878539
545:	1.7999999999999998	3.6	-0.024523594580039804	0.024523594580039748	0.04904718916007955	1.3940648350342284
546:	1.9999999999999998	3.6	-0.027961994859369805	0.027961994859369805	0.05592398971873961	1.5434234419355537
547:	2.1999999999999997	3.6	-0.03140125963606971	0.031401259636069705	0.06280251927213942	1.698571751836205
548:	2.3999999999999995	3.6	-0.034841171731734275	0.03484117173173422	0.0696823434634685	1.8584097732706928
549:	2.5999999999999996	3.6	-0.038281581214456746	0.03828158121445675	0.0765631624289135	2.0220619118790637
550:	2.8	3.6	-0.04172238109943363	0.04172238109943363	0.08344476219886726	2.1888219156334525
551:	2.9999999999999996	3.6	-0.04516349306850057	0.045163493068500545	0.09032698613700112	2.35813144967145
552:	3.1999999999999993	3.6	-0.048604858448264794	0.048604858448264815	0.0972097168965296	2.529570696119635
553:	3.3999999999999995	3.6	-0.05204643241159626	0.052046432411596184	0.10409286482319244	2.7027844342767713
554:	3.5999999999999996	3.6	-0.05548818011924574	0.055488180119245605	0.11097636023849135	2.8774959972560894
555:	3.7999999999999994	3.6	-0.058930074083991035	0.05893007408399094	0.11786014816798197	3.053481992941173
556:	3.999999999999999	3.6	-0.06237209232792007	0.06237209232792005	0.12474418465584011	3.230560509480061
557:	4.199999999999999	3.6	-0.06581421706763793	0.06581421706763788	0.1316284341352758	3.4085821758741983
558:	4.3999999999999995	3.6	-0.06925643375894075	0.06925643375894078	0.13851286751788153	3.5874233554550528
559:	4.6	3.6	-0.07269873039127038	0.07269873039127035	0.14539746078254073	3.7669720895664227
560:	4.799999999999999	3.6	-0.07614109695891963	0.07614109695891974	0.15228219391783937	3.947160481078619
561:	4.999999999999999	3.6	-0.07958352505939459	0.0795835250593945	0.1591670501187891	4.127905178227289
562:	5.199999999999999	3.6	-0.0830260075846248	0.08302600758462478	0.16605201516924958	4.309143894570396
563:	5.399999999999999	3.6	-0.08646853848090993	0.0864685384809099	0.17293707696181984	4.490823254740092
564:	5.599999999999999	3.6	-0.08991111258861077	0.08991111258861072	0.1798222251772215	4.672897297174076
565:	5.799999999999999	3.6	-0.09335372537597977	0.09335372537597977	0.18670745075195955	4.855326236392864
566:	5.999999999999999	3.6	-0.09679637300096564	0.09679637300096569	0.19359274600193133	5.0380754632659785
567:	6.199999999999999	3.6	-0.10023905208922751	0.10023905208922751	0.20047810417845502	5.221110946936048
568:	6.399999999999999	3.6	-0.10368175968862367	0.10368175968862359	0.20736351937724726	5.40441425981638
569:	6.599999999999999	3.6	-0.10712449320517548	0.10712449320517554	0.214248986410351	5.587957582228125
570:	6.799999999999999	3.6	-0.1105672503503443	0.11056725035034445	0.22113450070068874	5.771720229715727
571:	1.0	3.8000000000000003	-0.010437207300786792	0.010437207300786783	0.020874414601573577	0.8739646356116855
572:	1.2	3.8000000000000003	-0.013864326772998876	0.013864326772998882	0.02772865354599776	1.0056015546904373
573:	1.4	3.8000000000000003	-0.017296077700441226	0.017296077700441222	0.03459215540088245	1.1299687509570568
574:	1.5999999999999999	3.8000000000000003	-0.02073070037316577	0.02073070037316577	0.04146140074633154	1.2606603350202708
575:	1.7999999999999998	3.8000000000000003	-0.024167227934821824	0.024167227934821813	0.04833445586964363	1.3993497099820298
576:	1.9999999999999998	3.8000000000000003	-0.02760508444840761	0.027605084448407598	0.05521016889681521	1.5453482907471954
577:	2.1999999999999997	3.8000000000000003	-0.03104390517158133	0.03104390517158127	0.0620878103431626	1.6974510242589929
578:	2.3999999999999995	3.8000000000000003	-0.03448344777925491	0.03448344777925495	0.06896689555850986	1.854579245500557
579:	2.5999999999999996	3.8000000000000003	-0.0379235449132223	0.03792354491322233	0.07584708982644463	2.0158097682669958
580:	2.8	3.8000000000000003	-0.041364077337257894	0.041364077337257846	0.08272815467451575	2.1804291031826324
581:	2.9999999999999996	3.8000000000000003	-0.04480495767264255	0.04480495767264255	0.0896099153452851	2.3478417905574247
582:	3.1999999999999993	3.8000000000000003	-0.04824612049235432	0.04824612049235428	0.0964922409847086	2.5175735357405986
583:	3.3999999999999995	3.8000000000000003	-0.05168751581420524	0.05168751581420525	0.1033750316284105	2.6892657659975354
584:	3.5999999999999996	3.8000000000000003	-0.05512910479553422	0.05512910479553429	0.11025820959106851	2.8626081839766213
585:	3.7999999999999994	3.8000000000000003	-0.058570856792537145	0.058570856792537145	0.11714171358507429	3.0373568859867373
586:	3.999999999999999	3.8000000000000003	-0.06201274730474573	0.062012747304745715	0.12402549460949144	3.2133126120193594
587:	4.199999999999999	3.8000000000000003	-0.06545475650856841	0.06545475650856843	0.13090951301713682	3.3903113303453667
588:	4.3999999999999995	3.8000000000000003	-0.0688968681918707	0.06889686819187074	0.13779373638374143	3.5682169967358828
589:	4.6	3.8000000000000003	-0.07233906896718642	0.07233906896718639	0.1446781379343728	3.746915963088846
590:	4.799999999999999	3.8000000000000003	-0.07578134768207707	0.07578134768207692	0.151562695364154	3.926312635109238
591:	4.999999999999999	3.8000000000000003	-0.07922369497130605	0.07922369497130603	0.1584473899426121	4.106317496392862
592:	5.199999999999999	3.8000000000000003	-0.08266610291256025	0.08266610291256006	0.16533220582512032	4.286879702051999
593:	5.399999999999999	3.8000000000000003	-0.08610856475881529	0.08610856475881529	0.17221712951763057	4.467930487794165
594:	5.599999999999999	3.8000000000000003	-0.08955107472815155	0.08955107472815162	0.17910214945630315	4.649419018911271
595:	5.799999999999999	3.8000000000000003	-0.09299362783712366	0.09299362783712364	0.1859872556742473	4.831301235492194
596:	5.999999999999999	3.8000000000000003	-0.09643621979553291	0.09643621979553291	0.19287243959106581	5.013538795247114
597:	6.199999999999999	3.8000000000000003	-0.09987884678336961	0.09987884678336965	0.19975769356673928	5.19609817922815
598:	6.399999999999999	3.8000000000000003	-0.10332150554283054	0.10332150554283054	0.20664301108566108	5.378949959071555
599:	6.599999999999999	3.8000000000000003	-0.10676419318309013	0.10676419318309018	0.21352838636618032	5.562064360337738
600:	6.799999999999999	3.8000000000000003	-0.1102069071537434	0.11020690715374354	0.22041381430748694	5.7454266199081845
601:	1.0	4.0	-0.010085792453120853	0.010085792453120865	0.02017158490624172	0.8803277292120038
602:	1.2	4.0	-0.013511148895877505	0.01351114889587749	0.027022297791754996	1.019107105152834
603:	1.4	4.0	-0.01694165365443778	0.01694165365443783	0.03388330730887561	1.1431480873976978
604:	1.5999999999999999	4.0	-0.020375347522028284	0.02037534752202828	0.04075069504405657	1.27096416956896
605:	1.7999999999999998	4.0	-0.023811155728530004	0.02381115572852998	0.04762231145705999	1.4062680433533874
606:	1.9999999999999998	4.0	-0.02724843842226642	0.027248438422266437	0.05449687684453286	1.5489609278583283
607:	2.1999999999999997	4.0	-0.03068679064507645	0.030686790645076487	0.06137358129015294	1.698007934734872
608:	2.3999999999999995	4.0	-0.03412594345542249	0.034125943455422456	0.06825188691084494	1.8523717680550063
609:	2.5999999999999996	4.0	-0.037565711190181546	0.037565711190181594	0.07513142238036313	2.0111337368614928
610:	2.8	4.0	-0.041005961498006026	0.04100596149800596	0.08201192299601198	2.173547343670051
611:	2.9999999999999996	4.0	-0.04444659755292581	0.044446597552925834	0.08889319510585164	2.3389899757244077
612:	3.1999999999999993	4.0	-0.0478875467656283	0.04788754676562824	0.09577509353125654	2.5069648462952476
613:	3.3999999999999995	4.0	-0.051328753712543584	0.0513287537125436	0.10265750742508718	2.677071133757357
614:	3.5999999999999996	4.0	-0.05477017532592093	0.05477017532592078	0.10954035065184171	2.8489791307080314
615:	3.7999999999999994	4.0	-0.0582117776310327	0.05821177763103269	0.11642355526206538	3.022435830929034
616:	3.999999999999999	4.0	-0.06165353346582859	0.06165353346582854	0.12330706693165713	3.1972177747173958
617:	4.199999999999999	4.0	-0.06509542085428248	0.06509542085428245	0.13019084170856493	3.3731461211242624
618:	4.3999999999999995	4.0	-0.06853742182471283	0.06853742182471295	0.1370748436494258	3.550072202969491
619:	4.6	4.0	-0.0719795215372162	0.07197952153721629	0.1439590430744325	3.7278715992871048
620:	4.799999999999999	4.0	-0.07542170762979276	0.07542170762979276	0.15084341525958553	3.9064394995249376
621:	4.999999999999999	4.0	-0.07886396972176882	0.07886396972176889	0.1577279394435377	4.085687059520038
622:	5.199999999999999	4.0	-0.08230629903205951	0.08230629903205954	0.16461259806411904	4.2655385203110345
623:	5.399999999999999	4.0	-0.08574868808243379	0.08574868808243383	0.1714973761648676	4.445920519483272
624:	5.599999999999999	4.0	-0.08919113046448215	0.08919113046448217	0.1783822609289643	4.62679469571477
625:	5.799999999999999	4.0	-0.09263362065488322	0.09263362065488341	0.18526724130976663	4.808103126199427
626:	5.999999999999999	4.0	-0.09607615386767762	0.09607615386767762	0.19215230773535524	4.989803616376966
627:	6.199999999999999	4.0	-0.09951872593517753	0.0995187259351774	0.19903745187035493	5.171859232940212
628:	6.399999999999999	4.0	-0.10296133323917808	0.10296133323917818	0.20592266647835628	5.354237539494538
629:	6.599999999999999	4.0	-0.10640397251676753	0.10640397251676753	0.21280794503353506	5.536909935032839
630:	6.799999999999999	4.0	-0.10984664097324394	0.10984664097324376	0.21969328194648768	5.719851105047953
