1:	1.0	0.0	-0.014048478704451523	0.01404847870445152	0.028096957408903042	0.7645570824975619
2:	1.2	0.0	-0.016858174445341798	0.016858174445341847	0.033716348890683645	0.9174684989970752
3:	1.4	0.0	-0.019667870186232124	0.01966787018623213	0.039335740372464255	1.0703799154965876
4:	1.5999999999999999	0.0	-0.022477565927122432	0.022477565927122425	0.04495513185424486	1.2232913319961023
5:	1.7999999999999998	0.0	-0.025287261668012775	0.025287261668012737	0.05057452333602551	1.3762027484956112
6:	1.9999999999999998	0.0	-0.02809695740890296	0.028096957408903042	0.056193914817806	1.5291141649951228
7:	2.1999999999999997	0.0	-0.030906653149793305	0.030906653149793382	0.06181330629958669	1.6820255814946385
8:	2.3999999999999995	0.0	-0.03371634889068364	0.03371634889068366	0.06743269778136729	1.834936997994149
9:	2.5999999999999996	0.0	-0.03652604463157391	0.03652604463157392	0.07305208926314782	1.9878484144936608
10:	2.8	0.0	-0.03933574037246425	0.03933574037246426	0.07867148074492851	2.1407598309931752
11:	2.9999999999999996	0.0	-0.04214543611335456	0.04214543611335454	0.08429087222670911	2.2936712474926857
12:	3.1999999999999993	0.0	-0.04495513185424483	0.0449551318542449	0.08991026370848973	2.4465826639922015
13:	3.3999999999999995	0.0	-0.04776482759513511	0.047764827595135124	0.09552965519027024	2.599494080491712
14:	3.5999999999999996	0.0	-0.05057452333602555	0.050574523336025475	0.10114904667205102	2.7524054969912237
15:	3.7999999999999994	0.0	-0.053384219076915665	0.05338421907691573	0.10676843815383139	2.9053169134907364
16:	3.999999999999999	0.0	-0.05619391481780592	0.056193914817806084	0.112387829635612	3.0582283299902455
17:	4.199999999999999	0.0	-0.059003610558696344	0.05900361055869636	0.1180072211173927	3.2111397464897595
18:	4.3999999999999995	0.0	-0.06181330629958661	0.061813306299586764	0.12362661259917337	3.364051162989277
19:	4.6	0.0	-0.06462300204047708	0.06462300204047704	0.1292460040809541	3.5169625794887898
20:	4.799999999999999	0.0	-0.06743269778136728	0.06743269778136732	0.13486539556273458	3.669873995988298
21:	4.999999999999999	0.0	-0.07024239352225745	0.07024239352225767	0.1404847870445151	3.822785412487811
22:	5.199999999999999	0.0	-0.07305208926314782	0.07305208926314784	0.14610417852629565	3.9756968289873247
23:	5.399999999999999	0.0	-0.07586178500403817	0.07586178500403816	0.15172357000807635	4.128608245486841
24:	5.599999999999999	0.0	-0.07867148074492855	0.07867148074492852	0.15734296148985707	4.281519661986347
25:	5.799999999999999	0.0	-0.08148117648581878	0.08148117648581868	0.16296235297163747	4.434431078485857
26:	5.999999999999999	0.0	-0.08429087222670913	0.08429087222670908	0.16858174445341823	4.587342494985371
27:	6.199999999999999	0.0	-0.08710056796759952	0.08710056796759941	0.17420113593519893	4.740253911484884
28:	6.399999999999999	0.0	-0.08991026370848966	0.0899102637084898	0.17982052741697946	4.8931653279844065
29:	6.599999999999999	0.0	-0.09271995944938	0.09271995944938001	0.18543991889876	5.046076744483915
30:	6.799999999999999	0.0	-0.09552965519027022	0.09552965519027025	0.19105931038054047	5.198988160983422
31:	1.0	0.2	-0.013714815646618096	0.013714815646618094	0.027429631293236188	0.7306972195456884
32:	1.2	0.2	-0.016524454640014084	0.016524454640014098	0.03304890928002818	0.8831336982752725
33:	1.4	0.2	-0.019334109849831967	0.019334109849831985	0.038668219699663955	1.0357037527488577
34:	1.5999999999999999	0.2	-0.02214377519406546	0.022143775194065476	0.04428755038813094	1.1883579310765804
35:	1.7999999999999998	0.2	-0.024953447294126224	0.02495344729412624	0.04990689458825247	1.3410685257801174
36:	1.9999999999999998	0.2	-0.02776312412301052	0.02776312412301051	0.05552624824602103	1.493818800187373
37:	2.1999999999999997	0.2	-0.03057280439088601	0.030572804390885982	0.06114560878177199	1.6465980452756184
38:	2.3999999999999995	0.2	-0.03338248723790839	0.03338248723790824	0.06676497447581663	1.7993990892121379
39:	2.5999999999999996	0.2	-0.03619217206882672	0.03619217206882673	0.07238434413765345	1.9522169478260183
40:	2.8	0.2	-0.0390018584584779	0.039001858458477895	0.07800371691695579	2.1050480493101107
41:	2.9999999999999996	0.2	-0.04181154609508576	0.04181154609508576	0.08362309219017151	2.257889766901036
42:	3.1999999999999993	0.2	-0.0446212347448248	0.044621234744824816	0.08924246948964962	2.4107401256374352
43:	3.3999999999999995	0.2	-0.047430924228891905	0.04743092422889186	0.09486184845778377	2.5635976119512365
44:	3.5999999999999996	0.2	-0.05024061440822077	0.05024061440822079	0.10048122881644156	2.7164610463358083
45:	3.7999999999999994	0.2	-0.05305030517302473	0.05305030517302472	0.10610061034604945	2.8693294959840796
46:	3.999999999999999	0.2	-0.05585999643547595	0.05585999643547601	0.11171999287095197	3.022202213484319
47:	4.199999999999999	0.2	-0.05866968812447696	0.058669688124477024	0.11733937624895399	3.1750785929338927
48:	4.3999999999999995	0.2	-0.06147938018185779	0.061479380181857626	0.12295876036371542	3.3279581379576553
49:	4.6	0.2	-0.06428907255956548	0.06428907255956551	0.128578145119131	3.4808404380258797
50:	4.799999999999999	0.2	-0.06709876521755696	0.06709876521755695	0.1341975304351139	3.6337251506629475
51:	4.999999999999999	0.2	-0.06990845812219583	0.0699084581221959	0.13981691624439174	3.7866119879050664
52:	5.199999999999999	0.2	-0.07271815124502133	0.07271815124502144	0.14543630249004277	3.939500705868431
53:	5.399999999999999	0.2	-0.07552784456178893	0.07552784456178888	0.1510556891235778	4.092391096624654
54:	5.599999999999999	0.2	-0.0783375380517179	0.07833753805171813	0.15667507610343603	4.24528298180981
55:	5.799999999999999	0.2	-0.08114723169689432	0.08114723169689439	0.16229446339378872	4.398176207549623
56:	5.999999999999999	0.2	-0.08395692548179255	0.08395692548179243	0.16791385096358497	4.551070640395593
57:	6.199999999999999	0.2	-0.08676661939288992	0.08676661939289003	0.17353323878577995	4.703966164044365
58:	6.399999999999999	0.2	-0.08957631341835555	0.08957631341835562	0.17915262683671118	4.856862676669696
59:	6.599999999999999	0.2	-0.0923860075477912	0.09238600754779108	0.18477201509558228	5.009760088737734
60:	6.799999999999999	0.2	-0.09519570177202273	0.09519570177202273	0.19039140354404546	5.162658321206331
61:	1.0	0.4	-0.013381833963769718	0.013381833963769726	0.026763667927539446	0.7024103944681327
62:	1.2	0.4	-0.016191302532062975	0.016191302532063027	0.032382605064126005	0.8534863538055398
63:	1.4	0.4	-0.019000836042577317	0.019000836042577258	0.03800167208515458	1.0050735415126555
64:	1.5999999999999999	0.4	-0.021810410129874527	0.021810410129874575	0.0436208202597491	1.1569842560270116
65:	1.7999999999999998	0.4	-0.024620011262514792	0.024620011262514757	0.04924002252502955	1.3091126093339402
66:	1.9999999999999998	0.4	-0.02742963132379104	0.02742963132379098	0.05485926264758202	1.461394439046796
67:	2.1999999999999997	0.4	-0.030239265149575673	0.030239265149575673	0.060478530299151345	1.6137885795361282
68:	2.3999999999999995	0.4	-0.03304890929767007	0.033048909297670105	0.06609781859534017	1.7662673965526576
69:	2.5999999999999996	0.4	-0.035858561385323784	0.03585856138532381	0.0717171227706476	1.9188116445799117
70:	2.8	0.4	-0.038668219699663935	0.03866821969966397	0.07733643939932791	2.0714075054986485
71:	2.9999999999999996	0.4	-0.041477883017093965	0.04147788301709401	0.08295576603418797	2.2240447998344526
72:	3.1999999999999993	0.4	-0.044287550388131	0.04428755038813095	0.08857510077626196	2.376715862153619
73:	3.3999999999999995	0.4	-0.047097221097329736	0.04709722109732968	0.09419444219465942	2.5294148095329314
74:	3.5999999999999996	0.4	-0.04990689458825245	0.04990689458825248	0.09981378917650494	2.6821370515604843
75:	3.7999999999999994	0.4	-0.05271657042162042	0.052716570421620416	0.10543314084324085	2.834878953637762
76:	3.999999999999999	0.4	-0.05552624824602104	0.05552624824602102	0.11105249649204206	2.9876376003748946
77:	4.199999999999999	0.4	-0.058335927776985506	0.058335927776985555	0.11667185555397105	3.14041062598805
78:	4.3999999999999995	0.4	-0.06114560878177202	0.061145608781771964	0.12229121756354398	3.293196090551325
79:	4.6	0.4	-0.06395529106812034	0.0639552910681202	0.12791058213624054	3.445992388257592
80:	4.799999999999999	0.4	-0.06676497447581678	0.06676497447581647	0.13352994895163325	3.5987981784243317
81:	4.999999999999999	0.4	-0.06957465887028443	0.0695746588702845	0.13914931774056893	3.751612332924373
82:	5.199999999999999	0.4	-0.07238434413765343	0.07238434413765346	0.1447686882753069	3.9044338956520623
83:	5.399999999999999	0.4	-0.07519403018092419	0.07519403018092403	0.1503880603618482	4.057262050927525
84:	5.599999999999999	0.4	-0.0780037169169558	0.0780037169169559	0.1560074338339117	4.210096098620254
85:	5.799999999999999	0.4	-0.0808134042740766	0.08081340427407664	0.16162680854815326	4.362935434381589
86:	5.999999999999999	0.4	-0.08362309219017151	0.08362309219017151	0.16724618438034303	4.515779533802093
87:	6.199999999999999	0.4	-0.08643278061114158	0.08643278061114132	0.17286556122228292	4.668627939613748
88:	6.399999999999999	0.4	-0.0892424694896496	0.08924246948964963	0.17848493897929923	4.821480251274881
89:	6.599999999999999	0.4	-0.0920521587840985	0.0920521587840984	0.1841043175681969	4.974336116436157
90:	6.799999999999999	0.4	-0.09486184845778381	0.09486184845778373	0.18972369691556754	5.127195223902489
91:	1.0	0.6000000000000001	-0.01304953441726977	0.013049534417269748	0.026099068834539517	0.6794501245428543
92:	1.2	0.6000000000000001	-0.015858718641482555	0.015858718641482555	0.03171743728296511	0.8283357816273946
93:	1.4	0.6000000000000001	-0.018668049142049437	0.01866804914204945	0.03733609828409889	0.9783374685144973
94:	1.5999999999999999	0.6000000000000001	-0.021477471021128864	0.021477471021128812	0.04295494204225768	1.1290463698857134
95:	1.7999999999999998	0.6000000000000001	-0.024286953798094514	0.024286953798094518	0.04857390759618903	1.2802318435459554
96:	1.9999999999999998	0.6000000000000001	-0.0270964791924552	0.027096479192455256	0.05419295838491046	1.4317538671506258
97:	2.1999999999999997	0.6000000000000001	-0.029906035574973282	0.029906035574973244	0.05981207114994652	1.583521055106544
98:	2.3999999999999995	0.6000000000000001	-0.03271561519481185	0.032715615194811865	0.06543123038962372	1.735476384048287
99:	2.5999999999999996	0.6000000000000001	-0.03552521268711688	0.03552521268711696	0.07105042537423384	1.8875753029258544
100:	2.8	0.6000000000000001	-0.038334824220502474	0.03833482422050251	0.07666964844100499	2.0397878338133695
101:	2.9999999999999996	0.6000000000000001	-0.041144446985686416	0.04114444698568646	0.08228889397137287	2.192091658572601
102:	3.1999999999999993	0.6000000000000001	-0.04395407887596314	0.043954078875963074	0.08790815775192622	2.3444699540349165
103:	3.3999999999999995	0.6000000000000001	-0.04676371828049035	0.046763718280490314	0.09352743656098067	2.4969097970065763
104:	3.5999999999999996	0.6000000000000001	-0.04957336394650509	0.049573363946505106	0.0991467278930102	2.6494010948299245
105:	3.7999999999999994	0.6000000000000001	-0.05238301488506276	0.05238301488506275	0.1047660297701255	2.801935849854306
106:	3.999999999999999	0.6000000000000001	-0.05519267030506354	0.05519267030506358	0.11038534061012711	2.9545076421218672
107:	4.199999999999999	0.6000000000000001	-0.05800232956613362	0.05800232956613357	0.11600465913226718	3.107111258248398
108:	4.3999999999999995	0.6000000000000001	-0.060811992144360456	0.06081199214436039	0.12162398428872084	3.2597424204354186
109:	4.6	0.6000000000000001	-0.0636216576069685	0.06362165760696861	0.1272433152139371	3.4123975854310262
110:	4.799999999999999	0.6000000000000001	-0.06643132559332894	0.06643132559332868	0.13286265118665763	3.565073793230641
111:	4.999999999999999	0.6000000000000001	-0.06924099579067934	0.06924099579067934	0.13848199158135868	3.7177685517204093
112:	5.199999999999999	0.6000000000000001	-0.07205066796350358	0.0720506679635037	0.1441013359270073	3.8704797476752635
113:	5.399999999999999	0.6000000000000001	-0.07486034188237849	0.07486034188237868	0.14972068376475717	4.023205577340855
114:	5.599999999999999	0.6000000000000001	-0.07767001736020174	0.07767001736020167	0.15534003472040342	4.175944491747187
115:	5.799999999999999	0.6000000000000001	-0.08047969423568081	0.08047969423568073	0.16095938847136154	4.32869515322927
116:	5.999999999999999	0.6000000000000001	-0.08328937236903164	0.08328937236903175	0.1665787447380634	4.4814564005624025
117:	6.199999999999999	0.6000000000000001	-0.08609905163850938	0.08609905163850937	0.17219810327701873	4.634227220783751
118:	6.399999999999999	0.6000000000000001	-0.08890873193758884	0.0889087319375886	0.17781746387517744	4.787006726249592
119:	6.599999999999999	0.6000000000000001	-0.09171841317265823	0.09171841317265782	0.18343682634531605	4.939794135827032
120:	6.799999999999999	0.6000000000000001	-0.09452809526111978	0.0945280952611199	0.18905619052223968	5.092588759375958
121:	1.0	0.8	-0.012717917913924633	0.012717917913924648	0.02543583582784928	0.6616336375877506
122:	1.2	0.8	-0.015526703571059092	0.015526703571059064	0.031053407142118156	0.8075575276924267
123:	1.4	0.8	-0.018335749577370553	0.018335749577370532	0.036671499154741084	0.9553921892076666
124:	1.5999999999999999	0.8	-0.021144958188643464	0.021144958188643464	0.04228991637728693	1.104447708835279
125:	1.7999999999999998	0.8	-0.023954275149670166	0.023954275149670162	0.047908550299340324	1.2543450797867717
126:	1.9999999999999998	0.8	-0.026763667927539453	0.026763667927539408	0.053527335855078864	1.404827664834325
127:	2.1999999999999997	0.8	-0.029573115829151713	0.029573115829151665	0.05914623165830338	1.5557395522027286
128:	2.3999999999999995	0.8	-0.03238260506412598	0.032382605064125915	0.0647652101282519	1.7069757914164918
129:	2.5999999999999996	0.8	-0.03519212608806027	0.035192126088060244	0.07038425217612052	1.8584631306397021
130:	2.8	0.8	-0.038001672085154634	0.038001672085154516	0.07600334417030916	2.0101488766193834
131:	2.9999999999999996	0.8	-0.040811238058153454	0.040811238058153405	0.08162247611630685	2.161994146409951
132:	3.1999999999999993	0.8	-0.043620820259749137	0.04362082025974907	0.0872416405194982	2.3139696149965423
133:	3.3999999999999995	0.8	-0.04643041582476995	0.04643041582476992	0.09286083164953987	2.4660527443428317
134:	3.5999999999999996	0.8	-0.049240022525029584	0.049240022525029514	0.0984800450500591	2.6182259245038333
135:	3.7999999999999994	0.8	-0.05204963860162779	0.052049638601627875	0.10409927720325567	2.770474437600731
136:	3.999999999999999	0.8	-0.05485926264758208	0.05485926264758196	0.10971852529516404	2.9227887162155883
137:	4.199999999999999	0.8	-0.05766889352400462	0.057668893524004665	0.11533778704800929	3.0751588806134005
138:	4.3999999999999995	0.8	-0.060478530299151345	0.060478530299151345	0.12095706059830269	3.2275771590751425
139:	4.6	0.8	-0.0632881722033741	0.06328817220337418	0.12657634440674828	3.3800375215704745
140:	4.799999999999999	0.8	-0.06609781859534014	0.06609781859534021	0.13219563719068034	3.5325347931071516
141:	4.999999999999999	0.8	-0.06890746893636115	0.06890746893636103	0.1378149378727222	3.685064614850975
142:	5.199999999999999	0.8	-0.07171712277064757	0.07171712277064762	0.1434342455412952	3.8376232891610393
143:	5.399999999999999	0.8	-0.07452677970995344	0.07452677970995364	0.14905355941990708	3.9902076586719697
144:	5.599999999999999	0.8	-0.07733643942151151	0.07733643942151158	0.1546728788430231	4.142815010998137
145:	5.799999999999999	0.8	-0.08014610161846437	0.08014610161846443	0.1602922032369288	4.295443002937327
146:	5.999999999999999	0.8	-0.08295576605221204	0.08295576605221222	0.16591153210442428	4.448089599669499
147:	6.199999999999999	0.8	-0.08576543250624054	0.08576543250624052	0.17153086501248105	4.600753025597391
148:	6.399999999999999	0.8	-0.08857510079110521	0.08857510079110521	0.17715020158221043	4.753431724307665
149:	6.599999999999999	0.8	-0.09138477074032987	0.09138477074032982	0.1827695414806597	4.906124325735798
150:	6.799999999999999	0.8	-0.09419444220702813	0.09419444220702824	0.18838888441405638	5.05882961906617
151:	1.0	1.0	-0.012386985343567029	0.012386985343567077	0.024773970687134106	0.648767408805287
152:	1.2	1.0	-0.01519525792194498	0.015195257921944948	0.03039051584388993	0.7909863305968179
153:	1.4	1.0	-0.018003937803178768	0.018003937803178813	0.036007875606357584	0.9361174632229879
154:	1.5999999999999999	1.0	-0.020812871969888132	0.020812871969888153	0.041625743939776284	1.0831352171538289
155:	1.7999999999999998	1.0	-0.023621975577510664	0.023621975577510626	0.047243951155021294	1.2314032445812342
156:	1.9999999999999998	1.0	-0.02643119773580429	0.026431197735804313	0.052862395471608606	1.3805596360432346
157:	2.1999999999999997	1.0	-0.029240506080283394	0.029240506080283397	0.058481012160566795	1.5303907306725673
158:	2.3999999999999995	1.0	-0.032049879045052534	0.03204987904505255	0.06409975809010508	1.6807197546721908
159:	2.5999999999999996	1.0	-0.03485930170563038	0.034859301705630376	0.06971860341126077	1.8314345806205583
160:	2.8	1.0	-0.03766876340502616	0.037668763405026076	0.07533752681005224	1.9824544556795165
161:	2.9999999999999996	1.0	-0.04047825633015754	0.040478256330157496	0.08095651266031503	2.1337197392862532
162:	3.1999999999999993	1.0	-0.04328777462250744	0.04328777462250748	0.08657554924501493	2.285185420641222
163:	3.3999999999999995	1.0	-0.04609731380288109	0.04609731380288112	0.0921946276057622	2.436816886436918
164:	3.5999999999999996	1.0	-0.04890687038803048	0.048906870388030474	0.09781374077606095	2.5885870786151908
165:	3.7999999999999994	1.0	-0.05171644162841679	0.051716441628416855	0.10343288325683364	2.7404745365774796
166:	3.999999999999999	1.0	-0.05452602532468639	0.05452602532468651	0.1090520506493729	2.89246201874918
167:	4.199999999999999	1.0	-0.05733561969660982	0.05733561969660968	0.11467123939321949	3.044535512763657
168:	4.3999999999999995	1.0	-0.06014522328778127	0.0601452232877813	0.12029044657556257	3.196683512109567
169:	4.6	1.0	-0.06295483489519198	0.06295483489519196	0.12590966979038393	3.3488964790919047
170:	4.799999999999999	1.0	-0.06576445351641574	0.06576445351641577	0.13152890703283152	3.501166440383754
171:	4.999999999999999	1.0	-0.06857407830947744	0.06857407830947748	0.1371481566189549	3.6534866784568627
172:	5.199999999999999	1.0	-0.07138370856198442	0.0713837085619843	0.14276741712396873	3.805851493360097
173:	5.399999999999999	1.0	-0.07419334366712127	0.07419334366712123	0.14838668733424248	3.9582560168039023
174:	5.599999999999999	1.0	-0.07700298310479	0.07700298310479015	0.15400596620958013	4.1106960656137055
175:	5.799999999999999	1.0	-0.07981262642665457	0.07981262642665456	0.15962525285330914	4.263168025149277
176:	5.999999999999999	1.0	-0.08262227324417536	0.08262227324417509	0.16524454648835046	4.41566836691063
177:	6.199999999999999	1.0	-0.08543192321896173	0.08543192321896151	0.17086384643792324	4.5681951763556805
178:	6.399999999999999	1.0	-0.0882415760549353	0.08824157605493506	0.17648315210987037	4.720745607542711
179:	6.599999999999999	1.0	-0.09105123149191563	0.09105123149191538	0.182102462983831	4.873317643135525
180:	6.799999999999999	1.0	-0.09386088930034	0.09386088930033999	0.18772177860068	5.0259092129830885
181:	1.0	1.2000000000000002	-0.012056737827809645	0.01205673782780965	0.024113475655619297	0.640622041199682
182:	1.2	1.2000000000000002	-0.014864382412280448	0.014864382412280476	0.029728764824560924	0.778520890774981
183:	1.4	1.2000000000000002	-0.01767261424822351	0.017672614248223535	0.03534522849644704	0.9204512685086894
184:	1.5999999999999999	1.2000000000000002	-0.020481212723747422	0.02048121272374745	0.04096242544749487	1.0649947173216745
185:	1.7999999999999998	1.2000000000000002	-0.023290055356588596	0.023290055356588592	0.04658011071317719	1.2113181154989756
186:	1.9999999999999998	1.2000000000000002	-0.026099068834539534	0.02609906883453954	0.052198137669079075	1.358926330419959
187:	2.1999999999999997	1.2000000000000002	-0.028908206504337404	0.028908206504337404	0.05781641300867481	1.5074516967393536
188:	2.3999999999999995	1.2000000000000002	-0.031717437282965194	0.03171743728296516	0.06343487456593036	1.6566849027336317
189:	2.5999999999999996	1.2000000000000002	-0.03452673966192408	0.034526739661924065	0.06905347932384814	1.8064568224767572
190:	2.8	1.2000000000000002	-0.037336098284098874	0.0373360982840989	0.07467219656819778	1.956674937027652
191:	2.9999999999999996	1.2000000000000002	-0.04014550189130917	0.04014550189130923	0.0802910037826184	2.1072414972510773
192:	3.1999999999999993	1.2000000000000002	-0.04295494204225767	0.042954942042257686	0.08590988408451536	2.258092739770851
193:	3.3999999999999995	1.2000000000000002	-0.04576441228336071	0.04576441228336061	0.09152882456672132	2.409179596235957
194:	3.5999999999999996	1.2000000000000002	-0.04857390759618903	0.048573907596189035	0.09714781519237806	2.5604636871556328
195:	3.7999999999999994	1.2000000000000002	-0.05138342401953028	0.05138342401953022	0.1027668480390605	2.711914558710272
196:	3.999999999999999	1.2000000000000002	-0.0541929583849104	0.05419295838491051	0.10838591676982091	2.8635077343379316
197:	4.199999999999999	1.2000000000000002	-0.05700250812773178	0.05700250812773193	0.1140050162554637	3.015223314942924
198:	4.3999999999999995	1.2000000000000002	-0.059812071149946563	0.05981207114994649	0.11962414229989304	3.167044954947089
199:	4.6	1.2000000000000002	-0.06262164571857783	0.06262164571857781	0.12524329143715562	3.31895910171533
200:	4.799999999999999	1.2000000000000002	-0.0654312303896237	0.06543123038962373	0.13086246077924743	3.470954422501748
201:	4.999999999999999	1.2000000000000002	-0.06824082395023348	0.06824082395023337	0.13648164790046685	3.6230213670786866
202:	5.199999999999999	1.2000000000000002	-0.07105042537423376	0.07105042537423392	0.14210085074846768	3.7751518299677733
203:	5.399999999999999	1.2000000000000002	-0.07386003378754429	0.07386003378754427	0.14772006757508854	3.9273388867595282
204:	5.599999999999999	1.2000000000000002	-0.07666964844100499	0.07666964844100496	0.15333929688200995	4.079576586215739
205:	5.799999999999999	1.2000000000000002	-0.07947926868883037	0.0794792686888303	0.1589585373776607	4.231859784844455
206:	5.999999999999999	1.2000000000000002	-0.08228889397137283	0.08228889397137291	0.16457778794274575	4.384184014149108
207:	6.199999999999999	1.2000000000000002	-0.08509852380122497	0.08509852380122462	0.17019704760244958	4.536545373255927
208:	6.399999999999999	1.2000000000000002	-0.08790815775192629	0.08790815775192615	0.17581631550385243	4.688940441429079
209:	6.599999999999999	1.2000000000000002	-0.09071779544872689	0.09071779544872721	0.1814355908974541	4.841366206300873
210:	6.799999999999999	1.2000000000000002	-0.0935274365609807	0.09352743656098063	0.18705487312196134	4.993820004616303
211:	1.0	1.4000000000000001	-0.0117271764605245	0.011727176460524498	0.023454352921049	0.6369123936023889
212:	1.2	1.4000000000000001	-0.014534077755142191	0.014534077755142177	0.02906815551028437	0.770002935857669
213:	1.4	1.4000000000000001	-0.017341779480993812	0.01734177948099393	0.03468355896198774	0.9082792323149197
214:	1.5999999999999999	1.4000000000000001	-0.020149980756898292	0.02014998075689826	0.040299961513796556	1.0499890425267713
215:	1.7999999999999998	1.4000000000000001	-0.022958514731404207	0.02295851473140423	0.04591702946280844	1.1940668075235656
216:	1.9999999999999998	1.4000000000000001	-0.025767281451996398	0.025767281451996454	0.05153456290399285	1.3398300546432618
217:	2.1999999999999997	1.4000000000000001	-0.02857621728536731	0.02857621728536734	0.05715243457073465	1.4868479331501077
218:	2.3999999999999995	1.4000000000000001	-0.031385279929370596	0.031385279929370534	0.06277055985874114	1.6348121714702015
219:	2.5999999999999996	1.4000000000000001	-0.034194440083800216	0.0341944400838002	0.06838888016760042	1.783520321526259
220:	2.8	1.4000000000000001	-0.03700367683012601	0.03700367683012605	0.07400735366025206	1.9327990531887045
221:	2.9999999999999996	1.4000000000000001	-0.03981297483425638	0.03981297483425643	0.0796259496685128	2.082547208702033
222:	3.1999999999999993	1.4000000000000001	-0.04262232259950181	0.042622322599501834	0.08524464519900365	2.232669458256554
223:	3.3999999999999995	1.4000000000000001	-0.04543171133680044	0.04543171133680046	0.0908634226736009	2.3831205834793563
224:	3.5999999999999996	1.4000000000000001	-0.04824113421190599	0.04824113421190592	0.09648226842381191	2.533837036048857
225:	3.7999999999999994	1.4000000000000001	-0.051050585830522285	0.051050585830522244	0.10210117166104453	2.6847779256655246
226:	3.999999999999999	1.4000000000000001	-0.053860061878028366	0.05386006187802832	0.10772012375605669	2.8359103724597206
227:	4.199999999999999	1.4000000000000001	-0.056669558862220595	0.056669558862220526	0.11333911772444112	2.9872076350248173
228:	4.3999999999999995	1.4000000000000001	-0.05947907392626708	0.05947907392626714	0.11895814785253422	3.1386477402545974
229:	4.6	1.4000000000000001	-0.06228860471049281	0.06228860471049263	0.12457720942098544	3.2902124641262316
230:	4.799999999999999	1.4000000000000001	-0.0650981492487384	0.06509814924873845	0.13019629849747685	3.441886563815446
231:	4.999999999999999	1.4000000000000001	-0.06790770588961137	0.0679077058896112	0.13581541177922257	3.593657191035346
232:	5.199999999999999	1.4000000000000001	-0.07071727323591841	0.0707172732359184	0.1414345464718368	3.7455134388325337
233:	5.399999999999999	1.4000000000000001	-0.07352685009756652	0.07352685009756642	0.14705370019513292	3.8974459876627456
234:	5.599999999999999	1.4000000000000001	-0.07633643545456104	0.07633643545456097	0.15267287090912202	4.049446826254293
235:	5.799999999999999	1.4000000000000001	-0.07914602842766401	0.07914602842766401	0.15829205685532802	4.201509029438405
236:	5.999999999999999	1.4000000000000001	-0.08195562825492367	0.08195562825492396	0.1639112565098476	4.353626579819813
237:	6.199999999999999	1.4000000000000001	-0.08476523427274833	0.08476523427274844	0.16953046854549678	4.5057942235085005
238:	6.399999999999999	1.4000000000000001	-0.08757484590053088	0.08757484590053102	0.1751496918010619	4.65800735255089
239:	6.599999999999999	1.4000000000000001	-0.09038446262807005	0.09038446262806968	0.18076892525613975	4.810261908463106
240:	6.799999999999999	1.4000000000000001	-0.09319408400521154	0.09319408400521152	0.18638816801042307	4.962554302572106
241:	1.0	1.6	-0.011398302450352244	0.011398302450352268	0.022796604900704513	0.6372485379517685
242:	1.2	1.6	-0.0142043447256841	0.014204344725684112	0.028408689451368214	0.7652107081824756
243:	1.4	1.6	-0.01701143401501587	0.01701143401501586	0.034022868030031725	0.8994850566100602
244:	1.5999999999999999	1.6	-0.019819176549707253	0.0198191765497073	0.039638353099414554	1.038033408323412
245:	1.7999999999999998	1.6	-0.022627354054778545	0.022627354054778566	0.04525470810955711	1.1795751738409708
246:	1.9999999999999998	1.6	-0.025435835768954685	0.025435835768954685	0.05087167153790937	1.323277122822118
247:	2.1999999999999997	1.6	-0.02824453857611388	0.028244538576113885	0.056489077152227764	1.468577803612814
248:	2.3999999999999995	1.6	-0.031053407142118086	0.031053407142118142	0.06210681428423623	1.6150908206588253
249:	2.5999999999999996	1.6	-0.03386240310302939	0.03386240310302932	0.06772480620605871	1.7625560455295974
250:	2.8	1.6	-0.036671499154741105	0.036671499154741063	0.07334299830948217	1.9107712605981315
251:	2.9999999999999996	1.6	-0.03948067525476634	0.039480675254766256	0.0789613505095326	2.0596010644663774
252:	3.1999999999999993	1.6	-0.042289916377286865	0.042289916377286935	0.0845798327545738	2.2089132036437844
253:	3.3999999999999995	1.6	-0.04509921103589514	0.04509921103589518	0.09019842207179032	2.35863562158082
254:	3.5999999999999996	1.6	-0.04790855029934033	0.047908550299340324	0.09581710059868065	2.50870163913305
255:	3.7999999999999994	1.6	-0.05071792711843227	0.05071792711843218	0.10143585423686444	2.6590489326944162
256:	3.999999999999999	1.6	-0.053527335855078906	0.053527335855078816	0.10705467171015773	2.8096553296678337
257:	4.199999999999999	1.6	-0.05633677194601151	0.05633677194601157	0.11267354389202308	2.9604748424241794
258:	4.3999999999999995	1.6	-0.059146231658303426	0.05914623165830333	0.11829246331660676	3.111479104405007
259:	4.6	1.6	-0.06195571190871678	0.06195571190871678	0.12391142381743356	3.2626445812969664
260:	4.799999999999999	1.6	-0.06476521012825195	0.06476521012825183	0.1295304202565038	3.4139515828938665
261:	4.999999999999999	1.6	-0.06757472415922611	0.0675747241592259	0.135149448318452	3.5653835082081393
262:	5.199999999999999	1.6	-0.07038425217612054	0.07038425217612049	0.14076850435224103	3.7169262613195597
263:	5.399999999999999	1.6	-0.07319379262402996	0.07319379262403011	0.14638758524806006	3.8685677955042674
264:	5.599999999999999	1.6	-0.07600334417030913	0.07600334417030907	0.1520066883406182	4.020297753266122
265:	5.799999999999999	1.6	-0.07881290566622873	0.07881290566622877	0.1576258113324575	4.172107179784788
266:	5.999999999999999	1.6	-0.08162247611630691	0.08162247611630681	0.1632449522326137	4.323988292839059
267:	6.199999999999999	1.6	-0.08443205465357702	0.08443205465357703	0.16886410930715406	4.475934296626854
268:	6.399999999999999	1.6	-0.08724164051949827	0.08724164051949813	0.1744832810389964	4.62793923000682
269:	6.599999999999999	1.6	-0.09005123304751837	0.09005123304751832	0.1801024660950367	4.77999784195374
270:	6.799999999999999	1.6	-0.0928608316495399	0.09286083164953984	0.18572166329907974	4.9321054886957185
271:	1.0	1.8	-0.011070117179760693	0.011070117179760683	0.022140234359521376	0.6411923044202773
272:	1.2	1.8	-0.013875184148247687	0.013875184148247677	0.027750368296495364	0.7639200257965344
273:	1.4	1.8	-0.01668157841721235	0.016681578417212378	0.03336315683442473	0.8939144298051213
274:	1.5999999999999999	1.8	-0.019488800480592552	0.019488800480592566	0.03897760096118512	1.0290344348469873
275:	1.7999999999999998	1.8	-0.022296573618420655	0.02229657361842072	0.04459314723684138	1.1677875843330447
276:	1.9999999999999998	1.8	-0.02510473210561445	0.02510473210561447	0.05020946421122892	1.3091977679675306
277:	2.1999999999999997	1.8	-0.02791317062411565	0.027913170624115635	0.055826341248231284	1.4525875084677171
278:	2.3999999999999995	1.8	-0.03072181903489844	0.030721819034898484	0.06144363806979693	1.5974920759622087
279:	2.5999999999999996	1.8	-0.03353062882000213	0.03353062882000213	0.06706125764000426	1.7435761628673332
280:	2.8	1.8	-0.0363395653735714	0.03633956537357144	0.07267913074714284	1.8905930898852317
281:	2.9999999999999996	1.8	-0.03914860325180925	0.0391486032518092	0.07829720650361846	2.038371554593296
282:	3.1999999999999993	1.8	-0.041957723461268144	0.041957723461268095	0.08391544692253625	2.1867687372867772
283:	3.3999999999999995	1.8	-0.04476691145549188	0.044766911455491824	0.0895338229109837	2.3356896553946727
284:	3.5999999999999996	1.8	-0.047576155924447756	0.04757615592444772	0.09515231184889547	2.485027354098872
285:	3.7999999999999994	1.8	-0.050385447941814314	0.050385447941814404	0.10077089588362872	2.6347294609111693
286:	3.999999999999999	1.8	-0.05319478036839074	0.053194780368390766	0.1063895607367815	2.7847426892476044
287:	4.199999999999999	1.8	-0.0560041474261483	0.05600414742614833	0.11200829485229663	2.935023680175224
288:	4.3999999999999995	1.8	-0.05881354438857273	0.05881354438857274	0.11762708877714548	3.08552731956247
289:	4.6	1.8	-0.06162296735186321	0.06162296735186344	0.12324593470372666	3.2362444408158777
290:	4.799999999999999	1.8	-0.06443241306338646	0.06443241306338637	0.12886482612677283	3.387139109656016
291:	4.999999999999999	1.8	-0.06724187879133517	0.06724187879133516	0.13448375758267034	3.5381905289554942
292:	5.199999999999999	1.8	-0.07005136222449171	0.07005136222449171	0.14010272444898342	3.689381035523927
293:	5.399999999999999	1.8	-0.07286086139428344	0.0728608613942834	0.14572172278856682	3.840695530762847
294:	5.599999999999999	1.8	-0.0756703746135524	0.07567037461355242	0.15134074922710483	3.9921210305061634
295:	5.799999999999999	1.8	-0.07847990042800293	0.07847990042800287	0.1569598008560058	4.143646307091583
296:	5.999999999999999	1.8	-0.08128943757736573	0.08128943757736577	0.16257887515473152	4.295261601523966
297:	6.199999999999999	1.8	-0.08409898496408458	0.08409898496408451	0.1681979699281691	4.446958390541878
298:	6.399999999999999	1.8	-0.08690854162787592	0.08690854162787591	0.17381708325575185	4.5987291966935295
299:	6.599999999999999	1.8	-0.08971810672491982	0.08971810672491976	0.17943621344983957	4.750567432431081
300:	6.799999999999999	1.8	-0.09252767951072101	0.09252767951072123	0.18505535902144224	4.902467271317685
301:	1.0	2.0	-0.010742621939710846	0.010742621939710872	0.021485243879421717	0.64821970938381
302:	1.2	2.0	-0.013546596961976479	0.013546596961976446	0.027093193923952923	0.7658259961428314
303:	1.4	2.0	-0.01635221328539608	0.016352213285396048	0.03270442657079213	0.891410603721258
304:	1.5999999999999999	2.0	-0.01915885298212774	0.019158852982127716	0.03831770596425546	1.0228724810501373
305:	1.7999999999999998	2.0	-0.02196617374892549	0.021966173748925535	0.04393234749785102	1.1586289351674375
306:	1.9999999999999998	2.0	-0.024773970687134064	0.024773970687134134	0.0495479413742682	1.2975485095851886
307:	2.1999999999999997	2.0	-0.027582113613442823	0.027582113613442823	0.055164227226885645	1.4388444313131648
308:	2.3999999999999995	2.0	-0.030390515843889947	0.030390515843889947	0.060781031687779895	1.5819751031309925
309:	2.5999999999999996	2.0	-0.033199117423549175	0.033199117423549085	0.06639823484709825	1.7265375305880506
310:	2.8	2.0	-0.0360078755602873	0.036007875560287256	0.07201575112057455	1.8722423804910227
311:	2.9999999999999996	2.0	-0.03881675889298399	0.03881675889298404	0.07763351778596803	2.0188689496215972
312:	3.1999999999999993	2.0	-0.041625743939776375	0.041625743939776284	0.08325148787955267	2.1662469774870106
313:	3.3999999999999995	2.0	-0.04443481267264201	0.04443481267264198	0.08886962534528399	2.314256750587204
314:	3.5999999999999996	2.0	-0.04724395115502133	0.04724395115502125	0.09448790231004259	2.4627918466515912
315:	3.7999999999999994	2.0	-0.0500531483607709	0.05005314836077091	0.10010629672154181	2.6117836195460953
316:	3.999999999999999	2.0	-0.05286239547160858	0.05286239547160863	0.10572479094321721	2.7611415045539727
317:	4.199999999999999	2.0	-0.05567168535080159	0.05567168535080152	0.1113433707016031	2.910827174194298
318:	4.3999999999999995	2.0	-0.05848101216056679	0.058481012160566795	0.11696202432113359	3.0607970647755667
319:	4.6	2.0	-0.061290371079392655	0.061290371079392704	0.12258074215878537	3.2110150207258767
320:	4.799999999999999	2.0	-0.06409975809010507	0.0640997580901051	0.12819951618021017	3.3614507839511845
321:	4.999999999999999	2.0	-0.06690916981884869	0.06690916981884855	0.13381833963769724	3.5120691620846007
322:	5.199999999999999	2.0	-0.06971860341126077	0.06971860341126075	0.13943720682252153	3.6628691612405
323:	5.399999999999999	2.0	-0.07252805643618818	0.07252805643618826	0.14505611287237644	3.813821039227765
324:	5.599999999999999	2.0	-0.07533752681005226	0.07533752681005236	0.15067505362010464	3.9649089113586364
325:	5.799999999999999	2.0	-0.078147012736876	0.07814701273687606	0.15629402547375207	4.116119038968229
326:	5.999999999999999	2.0	-0.08095651266031507	0.08095651266031499	0.16191302532063007	4.267439478631743
327:	6.199999999999999	2.0	-0.08376602522497978	0.0837660252249797	0.16753205044995947	4.4188597974261095
328:	6.399999999999999	2.0	-0.08657554924501489	0.08657554924501495	0.17315109849002985	4.570370841324873
329:	6.599999999999999	2.0	-0.08938508367839552	0.08938508367839562	0.17877016735679113	4.721964544688447
330:	6.799999999999999	2.0	-0.09219462760576218	0.09219462760576223	0.1843892552115244	4.873633772904874
331:	1.0	2.2	-0.010415818266733316	0.010415818266733318	0.020831636533466633	0.6577431644477978
332:	1.2	2.2	-0.013218584014677699	0.013218584014677669	0.02643716802935537	0.7706000020912245
333:	1.4	2.2	-0.01602333924878107	0.01602333924878108	0.03204667849756215	0.891755943209135
334:	1.5999999999999999	2.2	-0.018829334507536984	0.01882933450753702	0.037658669015074	1.0194352806277327
335:	1.7999999999999998	2.2	-0.02163615478717374	0.021636154787173758	0.043272309574347495	1.152002751630945
336:	1.9999999999999998	2.2	-0.02444355177862665	0.024443551778626612	0.04888710355725326	1.2882551710035415
337:	2.1999999999999997	2.2	-0.027251367755847525	0.027251367755847522	0.054502735511695044	1.4273033605202947
338:	2.3999999999999995	2.2	-0.030059497714198222	0.030059497714198205	0.060118995428396424	1.5685077435872496
339:	2.5999999999999996	2.2	-0.032867869037348126	0.032867869037348146	0.06573573807469626	1.7114179430256924
340:	2.8	2.2	-0.0356764299019221	0.035676429901922206	0.07135285980384432	1.8556879525680754
341:	2.9999999999999996	2.2	-0.038485142331431854	0.03848514233143183	0.07697028466286368	2.0010561704512955
342:	3.1999999999999993	2.2	-0.041293977860602654	0.04129397786060268	0.08258795572120534	2.1473296623143496
343:	3.3999999999999995	2.2	-0.04410291473293409	0.04410291473293402	0.08820582946586811	2.2943531643920716
344:	3.5999999999999996	2.2	-0.04691193606073302	0.04691193606073301	0.09382387212146603	2.4420022757164506
345:	3.7999999999999994	2.2	-0.049721028436984255	0.04972102843698419	0.09944205687396845	2.590189727831757
346:	3.999999999999999	2.2	-0.052530181219719245	0.052530181219719294	0.10506036243943853	2.738832921030798
347:	4.199999999999999	2.2	-0.05533938576929187	0.05533938576929182	0.11067877153858369	2.8878687191868613
348:	4.3999999999999995	2.2	-0.0581486350187694	0.05814863501876941	0.11629727003753881	3.0372556550090595
349:	4.6	2.2	-0.060957923131627595	0.060957923131627595	0.12191584626325519	3.186927749596567
350:	4.799999999999999	2.2	-0.06376724524512505	0.06376724524512509	0.12753449049025012	3.336861426377984
351:	4.999999999999999	2.2	-0.06657659727533959	0.06657659727533966	0.13315319455067925	3.4870260788736935
352:	5.199999999999999	2.2	-0.0693859757672429	0.06938597576724286	0.13877195153448574	3.637395707489854
353:	5.399999999999999	2.2	-0.07219537777812694	0.07219537777812714	0.14439075555625408	3.78794808375711
354:	5.599999999999999	2.2	-0.07500480078603484	0.07500480078603482	0.15000960157206966	3.9386541422453183
355:	5.799999999999999	2.2	-0.0778142426171538	0.07781424261715394	0.15562848523430775	4.0895184732378125
356:	5.999999999999999	2.2	-0.08062370138774311	0.08062370138774291	0.16124740277548602	4.240515344288988
357:	6.199999999999999	2.2	-0.08343317545730919	0.08343317545730933	0.16686635091461852	4.391632234563671
358:	6.399999999999999	2.2	-0.08624266339057211	0.08624266339057204	0.17248532678114414	4.542858156178775
359:	6.599999999999999	2.2	-0.08905216392634648	0.0890521639263464	0.17810432785269287	4.694183426500629
360:	6.799999999999999	2.2	-0.09186167595192318	0.09186167595192311	0.1837233519038463	4.845599479275777
361:	1.0	2.4000000000000004	-0.010089707754690232	0.01008970775469025	0.02017941550938048	0.6691332010239173
362:	1.2	2.4000000000000004	-0.012891146327653057	0.012891146327653048	0.025782292655306106	0.7778636505684027
363:	1.4	2.4000000000000004	-0.015694957058224362	0.015694957058224362	0.031389914116448724	0.8947309252526899
364:	1.5999999999999999	2.4000000000000004	-0.01850024553099688	0.01850024553099686	0.03700049106199374	1.0185600344259802
365:	1.7999999999999998	2.4000000000000004	-0.021306517088526194	0.021306517088526135	0.042613034177052325	1.1478263297608724
366:	1.9999999999999998	2.4000000000000004	-0.02411347565561935	0.024113475655619308	0.04822695131123866	1.2812549632676407
367:	2.1999999999999997	2.4000000000000004	-0.026920933270817845	0.026920933270817834	0.05384186654163568	1.4179045726067718
368:	2.3999999999999995	2.4000000000000004	-0.029728764824560917	0.029728764824560938	0.059457529649121856	1.5570582114557772
369:	2.5999999999999996	2.4000000000000004	-0.03253688380962988	0.03253688380962998	0.06507376761925986	1.6981918900129198
370:	2.8	2.4000000000000004	-0.03534522849644702	0.03534522849644707	0.07069045699289409	1.840905705756191
371:	2.9999999999999996	2.4000000000000004	-0.03815375365343214	0.03815375365343215	0.07630750730686428	1.984918301969489
372:	3.1999999999999993	2.4000000000000004	-0.04096242537986465	0.04096242537986467	0.08192485075972933	2.129991627379783
373:	3.3999999999999995	2.4000000000000004	-0.04377121776650125	0.04377121776650125	0.0875424355330025	2.2759454111332076
374:	3.5999999999999996	2.4000000000000004	-0.04658011067158097	0.04658011067158093	0.0931602213431619	2.4226427395423245
375:	3.7999999999999994	2.4000000000000004	-0.04938908820045396	0.04938908820045399	0.09877817640090794	2.56996882408207
376:	3.999999999999999	2.4000000000000004	-0.05219813766907907	0.05219813766907908	0.10439627533815815	2.717828739454599
377:	4.199999999999999	2.4000000000000004	-0.05500724873211157	0.0550072487321115	0.11001449746422307	2.8661568908937207
378:	4.3999999999999995	2.4000000000000004	-0.05781641300867481	0.05781641300867481	0.11563282601734962	3.014887073696678
379:	4.6	2.4000000000000004	-0.060625623549767735	0.06062562354976789	0.12125124709953562	3.163968427975115
380:	4.799999999999999	2.4000000000000004	-0.06343487456593039	0.06343487456593032	0.12686974913186072	3.313369805464155
381:	4.999999999999999	2.4000000000000004	-0.06624416119505486	0.06624416119505502	0.13248832239010988	3.4630304994371772
382:	5.199999999999999	2.4000000000000004	-0.06905347932384816	0.06905347932384813	0.1381069586476963	3.612933464498719
383:	5.399999999999999	2.4000000000000004	-0.07186282544901033	0.07186282544901039	0.14372565089802072	3.7630524586988403
384:	5.599999999999999	2.4000000000000004	-0.07467219656819794	0.07467219656819776	0.1493443931363957	3.9133649068999077
385:	5.799999999999999	2.4000000000000004	-0.07748159009356516	0.07748159009356503	0.15496318018713018	4.063851281676246
386:	5.999999999999999	2.4000000000000004	-0.08029100378261834	0.08029100378261846	0.1605820075652368	4.214494605406057
387:	6.199999999999999	2.4000000000000004	-0.08310043568246286	0.08310043568246286	0.16620087136492573	4.365280046818233
388:	6.399999999999999	2.4000000000000004	-0.08590988408451534	0.08590988408451537	0.17181976816903072	4.5161854795411775
389:	6.599999999999999	2.4000000000000004	-0.08871934748745504	0.08871934748745493	0.17743869497490997	4.667218656607293
390:	6.799999999999999	2.4000000000000004	-0.09152882456672141	0.09152882456672122	0.18305764913344263	4.8183591924715525
391:	1.0	2.6	-0.0097642920995534	0.009764292099553354	0.019528584199106754	0.6817501737178101
392:	1.2	2.6	-0.012564284944415796	0.012564284944415792	0.025128569888831588	0.7872104902725577
393:	1.4	2.6	-0.015367067284920821	0.015367067284920856	0.030734134569841677	0.9000766277763182
394:	1.5999999999999999	2.6	-0.01817158662171671	0.018171586621716664	0.03634317324343338	1.0200899206657632
395:	1.7999999999999998	2.6	-0.020977261023012332	0.02097726102301237	0.041954522046024706	1.145972465854067
396:	1.9999999999999998	2.6	-0.023783742604181455	0.02378374260418144	0.047567485208362896	1.2764791404359799
397:	2.1999999999999997	2.6	-0.026590810385666533	0.026590810385666578	0.05318162077133311	1.4105966366291176
398:	2.3999999999999995	2.6	-0.02939831735967993	0.02939831735968004	0.05879663471935997	1.5475714000297505
399:	2.5999999999999996	2.6	-0.03220616189327435	0.03220616189327432	0.06441232378654867	1.6868130623915467
400:	2.8	2.6	-0.035014271472385235	0.035014271472385235	0.07002854294477047	1.8278809735353156
401:	2.9999999999999996	2.6	-0.037822592968473435	0.03782259296847351	0.07564518593694694	1.970437710402159
402:	3.1999999999999993	2.6	-0.0406310865653271	0.040631086565327115	0.08126217313065422	2.114214990602733
403:	3.3999999999999995	2.6	-0.04343972183472939	0.04343972183472932	0.08687944366945871	2.2590232812403097
404:	3.5999999999999996	2.6	-0.046248475123228286	0.04624847512322837	0.09249695024645666	2.4046920666145546
405:	3.7999999999999994	2.6	-0.049057327765868776	0.04905732776586874	0.09811465553173751	2.5510895625627086
406:	3.999999999999999	2.6	-0.05186626483684104	0.051866264836840995	0.10373252967368204	2.698114480456173
407:	4.199999999999999	2.6	-0.05467527425772794	0.054675274257727946	0.10935054851545589	2.845678632810843
408:	4.3999999999999995	2.6	-0.057484346176806	0.05748434617680597	0.11496869235361197	2.993707062600245
409:	4.6	2.6	-0.06029347237590602	0.06029347237590612	0.12058694475181214	3.1421493552827946
410:	4.799999999999999	2.6	-0.06310264609078373	0.06310264609078375	0.12620529218156748	3.290951042921209
411:	4.999999999999999	2.6	-0.06591186161292588	0.06591186161292589	0.13182372322585179	3.44007029186631
412:	5.199999999999999	2.6	-0.06872111411309115	0.06872111411309108	0.13744222822618224	3.5894715192368305
413:	5.399999999999999	2.6	-0.07153039947828586	0.07153039947828596	0.1430607989565718	3.7391349400054112
414:	5.599999999999999	2.6	-0.07433971418371647	0.07433971418371664	0.14867942836743311	3.8890115308157274
415:	5.799999999999999	2.6	-0.0771490551912656	0.07714905519126547	0.15429811038253105	4.039090980665473
416:	5.999999999999999	2.6	-0.07995841986829388	0.07995841986829386	0.15991683973658774	4.189353507824079
417:	6.199999999999999	2.6	-0.08276780592217682	0.08276780592217661	0.16553561184435345	4.339781828214989
418:	6.399999999999999	2.6	-0.08557721134712598	0.08557721134712575	0.17115442269425174	4.490360773014994
419:	6.599999999999999	2.6	-0.08838663438068883	0.08838663438068878	0.1767732687613776	4.641076974363276
420:	6.799999999999999	2.6	-0.09119607346793376	0.09119607346793372	0.18239214693586747	4.791918605465109
421:	1.0	2.8000000000000003	-0.009439573178484756	0.009439573178484798	0.018879146356969554	0.6948528366455844
422:	1.2	2.8000000000000003	-0.012238000965918053	0.012238000965918087	0.02447600193183614	0.7982036098754794
423:	1.4	2.8000000000000003	-0.015039670715595203	0.015039670715595229	0.030079341431190433	0.9075075924331699
424:	1.5999999999999999	2.8000000000000003	-0.017843358191742778	0.01784335819174277	0.03568671638348555	1.0238380812893284
425:	1.7999999999999998	2.8000000000000003	-0.020648387038962417	0.02064838703896243	0.04129677407792485	1.14632483276433
426:	1.9999999999999998	2.8000000000000003	-0.023454352921049016	0.02345435292104898	0.046908705842098	1.273824786810765
427:	2.1999999999999997	2.8000000000000003	-0.026260999335618183	0.026260999335618204	0.052521998671236386	1.4053252696669607
428:	2.3999999999999995	2.8000000000000003	-0.02906815551028442	0.02906815551028443	0.05813631102056885	1.5400058710636382
429:	2.5999999999999996	2.8000000000000003	-0.03187570344585585	0.03187570344585605	0.06375140689171191	1.677251664477958
430:	2.8	2.8000000000000003	-0.034683558961987625	0.03468355896198786	0.06936711792397549	1.816567913327544
431:	2.9999999999999996	2.8000000000000003	-0.037491660389052765	0.0374916603890529	0.07498332077810566	1.9575788751141083
432:	3.1999999999999993	2.8000000000000003	-0.04029996151379652	0.04029996151379661	0.08059992302759314	2.0999912782308163
433:	3.3999999999999995	2.8000000000000003	-0.04310842702176478	0.04310842702176481	0.08621685404352959	2.2435661704733776
434:	3.5999999999999996	2.8000000000000003	-0.045917029462808415	0.04591702946280846	0.09183405892561688	2.3881364413043173
435:	3.7999999999999994	2.8000000000000003	-0.0487257471770939	0.048725747177093985	0.09745149435418789	2.533544977941048
436:	3.999999999999999	2.8000000000000003	-0.051534562844653575	0.05153456284465347	0.10306912568930704	2.6796717463617354
437:	4.199999999999999	2.8000000000000003	-0.05434346245017764	0.054343462450177606	0.10868692490035525	2.8264165294631196
438:	4.3999999999999995	2.8000000000000003	-0.057152434530662204	0.057152434530662224	0.11430486906132442	2.9737019602796684
439:	4.6	2.8000000000000003	-0.05996146961966276	0.059961469619662776	0.11992293923932554	3.121458183858633
440:	4.799999999999999	2.8000000000000003	-0.06277055983071189	0.0627705598307121	0.125541119661424	3.269624342932451
441:	4.999999999999999	2.8000000000000003	-0.0655796985645791	0.06557969856457928	0.13115939712915836	3.4181610696739577
442:	5.199999999999999	2.8000000000000003	-0.06838888016760043	0.0683888801676004	0.13677776033520084	3.567022568362244
443:	5.399999999999999	2.8000000000000003	-0.07119809989594508	0.07119809989594507	0.14239619979189017	3.716173832461328
444:	5.599999999999999	2.8000000000000003	-0.07400735366025196	0.07400735366025198	0.14801470732050392	3.8655847130240595
445:	5.799999999999999	2.8000000000000003	-0.07681663793584563	0.07681663793584555	0.15363327587169118	4.015229106519538
446:	5.999999999999999	2.8000000000000003	-0.07962594966851276	0.07962594966851286	0.1592518993370256	4.165094417402084
447:	6.199999999999999	2.8000000000000003	-0.08243528619853929	0.08243528619853913	0.16487057239707842	4.315139288099724
448:	6.399999999999999	2.8000000000000003	-0.08524464519900363	0.08524464519900367	0.1704892903980073	4.465357859087416
449:	6.599999999999999	2.8000000000000003	-0.08805402462530422	0.08805402462530439	0.1761080492506086	4.615734728311179
450:	6.799999999999999	2.8000000000000003	-0.09086342267360088	0.09086342267360092	0.1817268453472018	4.766256267338675
451:	1.0	3.0	-0.009115552810343356	0.009115552810343333	0.018231105620686687	0.707779514816146
452:	1.2	3.0	-0.011912295551934968	0.011912295551934966	0.023824591103869933	0.8104178684232252
453:	1.4	3.0	-0.014712768119855927	0.014712768119855899	0.029425536239711825	0.9167246626937828
454:	1.5999999999999999	3.0	-0.017515560829969367	0.017515560829969336	0.0350311216599387	1.029596886467185
455:	1.7999999999999998	3.0	-0.020319895442964694	0.020319895442964704	0.040639790885929394	1.1487430632923883
456:	1.9999999999999998	3.0	-0.023125306913746153	0.02312530691374608	0.04625061382749224	1.2732031023123929
457:	2.1999999999999997	3.0	-0.025931500363894248	0.025931500363894248	0.051863000727788496	1.4020047874473411
458:	2.3999999999999995	3.0	-0.028738279473191606	0.028738279473191606	0.05747655894638321	1.5343181294139108
459:	2.5999999999999996	3.0	-0.03154550862969008	0.031545508629690064	0.06309101725938014	1.6694673661718433
460:	2.8	3.0	-0.03435309110126727	0.03435309110126728	0.06870618220253455	1.8069425079791792
461:	2.9999999999999996	3.0	-0.037160956030701124	0.03716095603070114	0.07432191206140226	1.946322764263722
462:	3.1999999999999993	3.0	-0.03996905032456164	0.039969050324561654	0.0799381006491233	2.0872839329158457
463:	3.3999999999999995	3.0	-0.04277733341381093	0.04277733341381089	0.08555466682762182	2.229568746405953
464:	3.5999999999999996	3.0	-0.045585773765834926	0.04558577376583502	0.09117154753166995	2.3729713473513825
465:	3.7999999999999994	3.0	-0.04839434650080342	0.048394346500803424	0.09678869300160683	2.517318061271333
466:	3.999999999999999	3.0	-0.05120303172483083	0.05120303172483083	0.10240606344966166	2.662489534215586
467:	4.199999999999999	3.0	-0.05401181334043096	0.054011813340431036	0.10802362668086199	2.8083659700766606
468:	4.3999999999999995	3.0	-0.05682067818206124	0.05682067818206124	0.11364135636412248	2.9548553616709063
469:	4.6	3.0	-0.05962961537760919	0.059629615377609295	0.11925923075521849	3.1018790533286538
470:	4.799999999999999	3.0	-0.06243861586979579	0.06243861586979587	0.12487723173959166	3.2493764548469937
471:	4.999999999999999	3.0	-0.0652476720526364	0.06524767205263617	0.13049534410527258	3.3972908350391666
472:	5.199999999999999	3.0	-0.06805677749192775	0.06805677749192769	0.13611355498385544	3.5455716303189213
473:	5.399999999999999	3.0	-0.07086592673253193	0.07086592673253195	0.1417318534650639	3.6941877699745405
474:	5.599999999999999	3.0	-0.07367511502595658	0.07367511502595661	0.1473502300519132	3.8431000341616963
475:	5.799999999999999	3.0	-0.07648433835333524	0.0764843383533351	0.15296867670667033	3.992278703201816
476:	5.999999999999999	3.0	-0.07929359320741289	0.07929359320741289	0.15858718641482578	4.141697906811287
477:	6.199999999999999	3.0	-0.08210287653399406	0.08210287653399397	0.16420575306798801	4.291335021966676
478:	6.399999999999999	3.0	-0.08491218566107052	0.08491218566107045	0.16982437132214095	4.441181218853387
479:	6.599999999999999	3.0	-0.08772151824085032	0.08772151824085013	0.17544303648170045	4.591195597162526
480:	6.799999999999999	3.0	-0.09053087220202796	0.09053087220202793	0.1810617444040559	4.741375171639165
481:	1.0	3.2	-0.008792233069699746	0.00879223306969978	0.017584466139399527	0.7198481320386666
482:	1.2	3.2	-0.01158716998231857	0.011587169982318561	0.02317433996463713	0.823318815115818
483:	1.4	3.2	-0.014386360303483616	0.014386360303483605	0.02877272060696722	0.9274079451741103
484:	1.5999999999999999	3.2	-0.01718819510353742	0.017188195103537415	0.034376390207074836	1.0371517508361907
485:	1.7999999999999998	3.2	-0.01999178669380933	0.01999178669380932	0.039983573387618654	1.1530701145798021
486:	1.9999999999999998	3.2	-0.022796604984544094	0.022796604984544125	0.04559320996908822	1.2745052119019715
487:	2.1999999999999997	3.2	-0.025602313721797325	0.025602313721797252	0.05120462744359458	1.4005658945281092
488:	2.3999999999999995	3.2	-0.028408689451368194	0.028408689451368214	0.05681737890273641	1.5304351063600938
489:	2.5999999999999996	3.2	-0.03121557761187698	0.031215577611876988	0.06243115522375397	1.6634249408095967
490:	2.8	3.2	-0.03402286803003174	0.03402286803003172	0.06804573606006345	1.7989701126697366
491:	2.9999999999999996	3.2	-0.03683048001200991	0.03683048001200999	0.0736609600240199	1.9366418292489536
492:	3.1999999999999993	3.2	-0.03963835309941453	0.039638353099414596	0.07927670619882912	2.0760776152000315
493:	3.3999999999999995	3.2	-0.04244644109914355	0.04244644109914365	0.0848928821982872	2.2169948779612794
494:	3.5999999999999996	3.2	-0.04525470810955709	0.04525470810955713	0.09050941621911422	2.3591660981445224
495:	3.7999999999999994	3.2	-0.048063125805139016	0.04806312580513913	0.09612625161027814	2.5024067526274143
496:	3.999999999999999	3.2	-0.05087167153790937	0.05087167153790937	0.10174334307581874	2.64656602846211
497:	4.199999999999999	3.2	-0.05368032698261105	0.05368032698261107	0.10736065396522212	2.791512446280811
498:	4.3999999999999995	3.2	-0.05648907715222776	0.05648907715222777	0.11297815430445553	2.9371582952904545
499:	4.6	3.2	-0.0592979096708659	0.059297909670865824	0.11859581934173172	3.0834091339368994
500:	4.799999999999999	3.2	-0.06210681422877454	0.06210681422877446	0.12421362845754899	3.2301924409182083
501:	4.999999999999999	3.2	-0.06491578216840416	0.06491578216840407	0.12983156433680823	3.3774448684957283
502:	5.199999999999999	3.2	-0.06772480616615759	0.06772480616615748	0.13544961233231506	3.5251180177251524
503:	5.399999999999999	3.2	-0.07053387998497963	0.07053387998497963	0.14106775996995927	3.6731648487343413
504:	5.599999999999999	3.2	-0.07334299828004688	0.07334299828004681	0.14668599656009368	3.8215425211893916
505:	5.799999999999999	3.2	-0.07615215647021085	0.07615215647021088	0.15230431294042174	3.9702263648840215
506:	5.999999999999999	3.2	-0.07896135050953268	0.07896135050953251	0.1579227010190652	4.1191822545299015
507:	6.199999999999999	3.2	-0.08177057695134579	0.08177057695134579	0.16354115390269158	4.268384646880453
508:	6.399999999999999	3.2	-0.08457983275457373	0.08457983275457387	0.1691596655091476	4.417811100598504
509:	6.599999999999999	3.2	-0.08738911524717045	0.08738911524717041	0.17477823049434088	4.567441820419774
510:	6.799999999999999	3.2	-0.09019842207179028	0.09019842207179037	0.18039684414358065	4.717259279025952
511:	1.0	3.4000000000000004	-0.008469616110827586	0.008469616110827584	0.016939232221655172	0.7305379676023279
512:	1.2	3.4000000000000004	-0.0112626254602785	0.011262625460278506	0.022525250920557006	0.8364446839938013
513:	1.4	3.4000000000000004	-0.014060448109180135	0.014060448109180156	0.02812089621836029	0.9392614133016655
514:	1.5999999999999999	3.4000000000000004	-0.01686126160337531	0.01686126160337528	0.03372252320675059	1.0462693139830106
515:	1.7999999999999998	3.4000000000000004	-0.0196640612262443	0.019664061226244266	0.03932812245248857	1.1591457063723516
516:	1.9999999999999998	3.4000000000000004	-0.022468247333148977	0.022468247333148915	0.04493649466629789	1.2776084728249038
517:	2.1999999999999997	3.4000000000000004	-0.025273439743291926	0.02527343974329195	0.05054687948658387	1.4009178734938892
518:	2.3999999999999995	3.4000000000000004	-0.028079385653989	0.02807938565398899	0.05615877130797799	1.5283018069224323
519:	2.5999999999999996	3.4000000000000004	-0.03088591056434603	0.030885910564346003	0.061771821128692034	1.6590607937155222
520:	2.8	3.4000000000000004	-0.033692889891918175	0.03369288989191812	0.0673857797838363	1.7926219868946995
521:	2.9999999999999996	3.4000000000000004	-0.03650023245465641	0.036500232454656535	0.07300046490931295	1.9285125574432387
522:	3.1999999999999993	3.4000000000000004	-0.03930786994266986	0.039307869942669875	0.07861573988533974	2.066348048850575
523:	3.3999999999999995	3.4000000000000004	-0.042115750168127984	0.04211575016812802	0.08423150033625601	2.205832466136464
524:	3.5999999999999996	3.4000000000000004	-0.04492383257297295	0.04492383257297301	0.08984766514594597	2.3467107245266976
525:	3.7999999999999994	3.4000000000000004	-0.04773208515972112	0.04773208515972093	0.09546417031944204	2.4887801687385687
526:	3.999999999999999	3.4000000000000004	-0.05054048234568673	0.0505404823456867	0.10108096469137343	2.631874467390351
527:	4.199999999999999	3.4000000000000004	-0.053349003431924925	0.05334900343192489	0.10669800686384981	2.775856165834745
528:	4.3999999999999995	3.4000000000000004	-0.0561576314907677	0.056157631490767725	0.11231526298153542	2.9206108886090245
529:	4.6	3.4000000000000004	-0.05896635254423953	0.05896635254423949	0.11793270508847903	3.0660357201888306
530:	4.799999999999999	3.4000000000000004	-0.06177515494831276	0.061775154948312656	0.12355030989662541	3.2120648480943803
531:	4.999999999999999	3.4000000000000004	-0.06458402892524084	0.06458402892524079	0.12916805785048163	3.3586217344320644
532:	5.199999999999999	3.4000000000000004	-0.06739296620402159	0.06739296620402165	0.13478593240804324	3.505647893057848
533:	5.399999999999999	3.4000000000000004	-0.07020195974090208	0.0702019597409021	0.1404039194818042	3.6530931243942515
534:	5.599999999999999	3.4000000000000004	-0.07301100349987634	0.07301100349987642	0.14602200699975276	3.8009123656447494
535:	5.799999999999999	3.4000000000000004	-0.0758200922786725	0.0758200922786726	0.1516401845573451	3.9490717092138086
536:	5.999999999999999	3.4000000000000004	-0.07862922156959593	0.07862922156959604	0.15725844313919196	4.09753231299332
537:	6.199999999999999	3.4000000000000004	-0.08143838744734509	0.08143838744734509	0.16287677489469018	4.246274558632314
538:	6.399999999999999	3.4000000000000004	-0.0842475865010914	0.08424758650109153	0.16849517300218292	4.395268339591089
539:	6.599999999999999	3.4000000000000004	-0.08705681566440904	0.08705681566440902	0.17411363132881807	4.54449146858865
540:	6.799999999999999	3.4000000000000004	-0.08986607230173453	0.08986607230173449	0.17973214460346904	4.6939242943857264
541:	1.0	3.6	-0.008147704212419372	0.008147704212419333	0.016295408424838703	0.7394595080540071
542:	1.2	3.6	-0.010938663372411998	0.010938663372412004	0.021877326744824004	0.8493111536390376
543:	1.4	3.6	-0.013735032417297531	0.013735032417297528	0.02747006483459506	0.9518685614127698
544:	1.5999999999999999	3.6	-0.016534760944644206	0.0165347609446442	0.033069521889288404	1.0567059449489675
545:	1.7999999999999998	3.6	-0.019336719491479564	0.019336719491479554	0.03867343898295912	1.1667957197612133
546:	1.9999999999999998	3.6	-0.022140234359521314	0.02214023435952131	0.04428046871904262	1.2823897583287982
547:	2.1999999999999997	3.6	-0.024944878578492147	0.02494487857849209	0.04988975715698424	1.4029744849293477
548:	2.3999999999999995	3.6	-0.027750368364134664	0.02775036836413469	0.055500736728269356	1.527843722790988
549:	2.5999999999999996	3.6	-0.03055650766389894	0.03055650766389902	0.06111301532779796	1.6563280183674585
550:	2.8	3.6	-0.0333631568344247	0.033363156834424756	0.06672631366884946	1.78784179840931
551:	2.9999999999999996	3.6	-0.03617021348342888	0.03617021348342891	0.07234042696685779	1.9218916889828492
552:	3.1999999999999993	3.6	-0.03897760096118504	0.03897760096118515	0.0779552019223702	2.0580755715121635
553:	3.3999999999999995	3.6	-0.04178526071323299	0.04178526071323303	0.08357052142646602	2.196059956690048
554:	3.5999999999999996	3.6	-0.04459314723684131	0.04459314723684144	0.08918629447368276	2.335587317072987
555:	3.7999999999999994	3.6	-0.047401224635657345	0.04740122463565724	0.09480244927131459	2.476430695294307
556:	3.999999999999999	3.6	-0.0502094642112289	0.05020946421122894	0.10041892842245784	2.618408431055908
557:	4.199999999999999	3.6	-0.05301784274467055	0.053017842744670515	0.10603568548934106	2.761369828567671
558:	4.3999999999999995	3.6	-0.0558263412482313	0.05582634124823127	0.11165268249646257	2.9051891149129
559:	4.6	3.6	-0.058634944043360136	0.05863494404336007	0.1172698880867202	3.049760671027458
560:	4.799999999999999	3.6	-0.06144363806979688	0.06144363806979697	0.12288727613959385	3.194995264125974
561:	4.999999999999999	3.6	-0.06425241236084842	0.06425241236084843	0.12850482472169683	3.340810063569364
562:	5.199999999999999	3.6	-0.06706125764000426	0.06706125764000426	0.13412251528000851	3.4871549702423197
563:	5.399999999999999	3.6	-0.06987016600737127	0.06987016600737124	0.1397403320147425	3.6339664960308395
564:	5.599999999999999	3.6	-0.07267913069342387	0.07267913069342383	0.1453582613868477	3.7811965654363853
565:	5.799999999999999	3.6	-0.07548814586379327	0.07548814586379314	0.15097629172758642	3.9288034562012064
566:	5.999999999999999	3.6	-0.07829720646316363	0.07829720646316352	0.15659441292632714	4.076749002045219
567:	6.199999999999999	3.6	-0.08110630808943083	0.08110630808943092	0.16221261617886173	4.225005088191932
568:	6.399999999999999	3.6	-0.083915446891492	0.08391544689149227	0.16783089378298427	4.373541747646068
569:	6.599999999999999	3.6	-0.08672461948564582	0.08672461948564575	0.17344923897129155	4.52233061054252
570:	6.799999999999999	3.6	-0.08953382291098376	0.08953382291098365	0.1790676458219674	4.671357608497272
571:	1.0	3.8000000000000003	-0.007826499782558689	0.007826499782558668	0.015652999565117356	0.7463886005068542
572:	1.2	3.8000000000000003	-0.010615285138252535	0.010615285138252542	0.021230570276505076	0.8614796265569478
573:	1.4	3.8000000000000003	-0.013410114228063364	0.013410114228063322	0.026820228456126687	0.9649091855948766
574:	1.5999999999999999	3.8000000000000003	-0.016208693767177994	0.016208693767177925	0.03241738753435592	1.068249447736975
575:	1.7999999999999998	3.8000000000000003	-0.01900976195746688	0.01900976195746685	0.038019523914933726	1.1758348735274144
576:	1.9999999999999998	3.8000000000000003	-0.021812566419114138	0.021812566419114138	0.043625132838228275	1.288714231960144
577:	2.1999999999999997	3.8000000000000003	-0.0246166305569525	0.024616630556952537	0.04923326111390504	1.4066267278455162
578:	2.3999999999999995	3.8000000000000003	-0.027421637694981	0.027421637694981058	0.05484327538996206	1.5289921815731513
579:	2.5999999999999996	3.8000000000000003	-0.030227369154712323	0.030227369154712268	0.06045473830942459	1.6551723573516945
580:	2.8	3.8000000000000003	-0.033033669008943514	0.033033669008943604	0.06606733801788711	1.784591060549997
581:	2.9999999999999996	3.8000000000000003	-0.03584042322625194	0.035840423226251944	0.07168084645250389	1.9167482667513862
582:	3.1999999999999993	3.8000000000000003	-0.0386475462643799	0.038647546264379856	0.07729509252875975	2.0512207489009993
583:	3.3999999999999995	3.8000000000000003	-0.041454972829047775	0.0414549728290479	0.08290994565809567	2.1876608980921692
584:	3.5999999999999996	3.8000000000000003	-0.044262652183694504	0.044262652183694726	0.08852530436738923	2.3257766100322494
585:	3.7999999999999994	3.8000000000000003	-0.04707054430555476	0.04707054430555492	0.09414108861110967	2.4653421680095846
586:	3.999999999999999	3.8000000000000003	-0.04987861719887958	0.04987861719887961	0.09975723439775919	2.6061541690439913
587:	4.199999999999999	3.8000000000000003	-0.052686844978243316	0.052686844978243386	0.1053736899564867	2.7480488427173366
588:	4.3999999999999995	3.8000000000000003	-0.05549520647611869	0.055495206476118705	0.1109904129522374	2.890889028806076
589:	4.6	3.8000000000000003	-0.0583036842146845	0.058303684214684556	0.11660736842936906	3.0345592247680604
590:	4.799999999999999	3.8000000000000003	-0.06111226363533884	0.06111226363533883	0.12222452727067767	3.1789616274940413
591:	4.999999999999999	3.8000000000000003	-0.06392093251356869	0.06392093251356877	0.12784186502713746	3.324012968277923
592:	5.199999999999999	3.8000000000000003	-0.06672968050915645	0.06672968050915636	0.1334593610183128	3.4696419756784644
593:	5.399999999999999	3.8000000000000003	-0.06953849881654879	0.06953849881654876	0.13907699763309755	3.6157803947187306
594:	5.599999999999999	3.8000000000000003	-0.07234737989030167	0.07234737989030156	0.14469475978060323	3.762389752247795
595:	5.799999999999999	3.8000000000000003	-0.07515631722743259	0.07515631722743248	0.15031263445486506	3.909416326859711
596:	5.999999999999999	3.8000000000000003	-0.0779653051933864	0.07796530519338649	0.1559306103867729	4.0568199589052565
597:	6.199999999999999	3.8000000000000003	-0.08077433888173915	0.08077433888173921	0.16154867776347837	4.204565460835424
598:	6.399999999999999	3.8000000000000003	-0.08358341400025297	0.08358341400025293	0.16716682800050592	4.352620040277844
599:	6.599999999999999	3.8000000000000003	-0.08639252677768051	0.08639252677768036	0.1727850535553609	4.500960184869364
600:	6.799999999999999	3.8000000000000003	-0.08920167388703934	0.08920167388703935	0.17840334777407868	4.649559665954069
