1:	1.0	0.0	-0.01448914506834468	0.014489145068344705	0.028978290136689386	0.788539365321268
2:	1.2	0.0	-0.01738697408201358	0.017386974082013645	0.03477394816402722	0.946247238385523
3:	1.4	0.0	-0.02028480309568251	0.020284803095682605	0.04056960619136511	1.1039551114497754
4:	1.5999999999999999	0.0	-0.023182632109351488	0.023182632109351516	0.046365264218703	1.2616629845140308
5:	1.7999999999999998	0.0	-0.026080461123020385	0.026080461123020413	0.0521609222460408	1.4193708575782844
6:	1.9999999999999998	0.0	-0.02897829013668936	0.02897829013668942	0.057956580273378785	1.577078730642536
7:	2.1999999999999997	0.0	-0.03187611915035823	0.03187611915035827	0.0637522383007165	1.7347866037067896
8:	2.3999999999999995	0.0	-0.03477394816402715	0.034773948164027194	0.06954789632805435	1.892494476771044
9:	2.5999999999999996	0.0	-0.03767177717769611	0.03767177717769626	0.07534355435539236	2.050202349835296
10:	2.8	0.0	-0.04056960619136502	0.04056960619136521	0.08113921238273022	2.207910222899551
11:	2.9999999999999996	0.0	-0.043467435205033954	0.043467435205034204	0.08693487041006816	2.3656180959638085
12:	3.1999999999999993	0.0	-0.04636526421870284	0.04636526421870298	0.09273052843740581	2.523325969028058
13:	3.3999999999999995	0.0	-0.04926309323237187	0.049263093232372046	0.09852618646474393	2.681033842092313
14:	3.5999999999999996	0.0	-0.05216092224604077	0.052160922246040825	0.1043218444920816	2.8387417151565675
15:	3.7999999999999994	0.0	-0.05505875125970973	0.05505875125970988	0.11011750251941961	2.99644958822082
16:	3.999999999999999	0.0	-0.05795658027337872	0.05795658027337884	0.11591316054675757	3.154157461285072
17:	4.199999999999999	0.0	-0.06085440928704771	0.0608544092870477	0.1217088185740954	3.3118653343493314
18:	4.3999999999999995	0.0	-0.06375223830071645	0.06375223830071654	0.127504476601433	3.469573207413579
19:	4.6	0.0	-0.06665006731438547	0.06665006731438551	0.133300134628771	3.6272810804778364
20:	4.799999999999999	0.0	-0.0695478963280543	0.06954789632805439	0.1390957926561087	3.784988953542088
21:	4.999999999999999	0.0	-0.07244572534172336	0.07244572534172364	0.144891450683447	3.9426968266063485
22:	5.199999999999999	0.0	-0.07534355435539222	0.07534355435539251	0.15068710871078472	4.100404699670592
23:	5.399999999999999	0.0	-0.07824138336906118	0.07824138336906121	0.1564827667381224	4.258112572734845
24:	5.599999999999999	0.0	-0.08113921238273006	0.08113921238273042	0.16227842476546048	4.415820445799103
25:	5.799999999999999	0.0	-0.08403704139639925	0.08403704139639934	0.1680740827927986	4.573528318863357
26:	5.999999999999999	0.0	-0.08693487041006791	0.08693487041006841	0.17386974082013631	4.731236191927617
27:	6.199999999999999	0.0	-0.0898326994237368	0.08983269942373717	0.17966539884747396	4.88894406499186
28:	6.399999999999999	0.0	-0.09273052843740567	0.09273052843740597	0.18546105687481163	5.046651938056116
29:	6.599999999999999	0.0	-0.0956283574510749	0.09562835745107488	0.1912567149021498	5.2043598111203675
30:	6.799999999999999	0.0	-0.09852618646474375	0.09852618646474409	0.19705237292948785	5.362067684184626
31:	1.0	0.2	-0.014136011802275628	0.014136011802275581	0.028272023604551208	0.751879877957702
32:	1.2	0.2	-0.017033800077782543	0.017033800077782477	0.03406760015556502	0.9091695720310353
33:	1.4	0.2	-0.019931599977904325	0.019931599977904287	0.039863199955808615	1.0665764877127337
34:	1.5999999999999999	0.2	-0.02282940714837537	0.022829407148375294	0.045658814296750665	1.2240573584556176
35:	1.7999999999999998	0.2	-0.02572721916816617	0.025727219168166206	0.05145443833633238	1.3815878897024505
36:	1.9999999999999998	0.2	-0.028625034583775202	0.028625034583775254	0.05725006916755046	1.5391533830742874
37:	2.1999999999999997	0.2	-0.03152285246981341	0.03152285246981347	0.06304570493962688	1.6967444223522816
38:	2.3999999999999995	0.2	-0.034420672209124786	0.0344206722091248	0.06884134441824959	1.8543546954458865
39:	2.5999999999999996	0.2	-0.03731849337431793	0.03731849337431791	0.07463698674863584	2.0119798122590486
40:	2.8	0.2	-0.04021631566003622	0.040216315660036146	0.08043263132007236	2.169616624686523
41:	2.9999999999999996	0.2	-0.04311413884230382	0.04311413884230377	0.08622827768460758	2.3272628163029374
42:	3.1999999999999993	0.2	-0.046011962753108565	0.04601196275310859	0.09202392550621716	2.4849166446686044
43:	3.3999999999999995	0.2	-0.048909787263949935	0.04890978726394987	0.0978195745278998	2.642576773878336
44:	3.5999999999999996	0.2	-0.051807612274869456	0.051807612274869415	0.10361522454973887	2.800242162510646
45:	3.7999999999999994	0.2	-0.05470543770694306	0.05470543770694309	0.10941087541388615	2.95791198670758
46:	3.999999999999999	0.2	-0.05760326349702479	0.05760326349702474	0.11520652699404954	3.1155855861714667
47:	4.199999999999999	0.2	-0.06050108959399129	0.06050108959399108	0.12100217918798237	3.2732624254887255
48:	4.3999999999999995	0.2	-0.06339891595601047	0.06339891595601056	0.12679783191202104	3.4309420659341368
49:	4.6	0.2	-0.06629674254852358	0.0662967425485236	0.13259348509704716	3.588624144585162
50:	4.799999999999999	0.2	-0.06919456934272875	0.06919456934272866	0.1383891386854574	3.746308358626421
51:	4.999999999999999	0.2	-0.07209239631443122	0.07209239631443139	0.1441847926288626	3.9039944533994246
52:	5.199999999999999	0.2	-0.07499022344315709	0.07499022344315727	0.14998044688631434	4.061682213194608
53:	5.399999999999999	0.2	-0.07788805071146523	0.07788805071146514	0.15577610142293036	4.219371454078533
54:	5.599999999999999	0.2	-0.08078587810440428	0.08078587810440438	0.16157175620880865	4.3770620182500135
55:	5.799999999999999	0.2	-0.08368370560908557	0.08368370560908568	0.16736741121817125	4.534753769557984
56:	5.999999999999999	0.2	-0.08658153321433781	0.0865815332143379	0.1731630664286757	4.692446589911407
57:	6.199999999999999	0.2	-0.08947936091043097	0.08947936091043127	0.17895872182086225	4.850140376380652
58:	6.399999999999999	0.2	-0.09237718868885128	0.0923771886888514	0.18475437737770267	5.007835038839783
59:	6.599999999999999	0.2	-0.09527501654211623	0.09527501654211619	0.1905500330842324	5.16553049803565
60:	6.799999999999999	0.2	-0.09817284446362307	0.09817284446362326	0.19634568892724633	5.323226683996206
61:	1.0	0.4	-0.013783366531577823	0.013783366531577829	0.02756673306315565	0.72010342628047
62:	1.2	0.4	-0.016681033068841812	0.016681033068841777	0.03336206613768359	0.8762051932178463
63:	1.4	0.4	-0.019578745917288802	0.019578745917288885	0.03915749183457769	1.0327545228765462
64:	1.5999999999999999	0.4	-0.022476487746562208	0.022476487746562218	0.04495297549312442	1.1895850086599014
65:	1.7999999999999998	0.4	-0.02537424891432082	0.025374248914320843	0.05074849782864166	1.346605515806109
66:	1.9999999999999998	0.4	-0.028272023628699253	0.028272023628699336	0.05654404725739859	1.5037597558853528
67:	2.1999999999999997	0.4	-0.031169808200762913	0.0311698082007629	0.06233961640152581	1.6610123300868502
68:	2.3999999999999995	0.4	-0.03406760016951039	0.034067600169510354	0.06813520033902074	1.8183391440634902
69:	2.5999999999999996	0.4	-0.03696539781923989	0.0369653978192399	0.07393079563847979	1.9757233880499967
70:	2.8	0.4	-0.03986319995580865	0.03986319995580857	0.07972639991161723	2.1331529754261
71:	2.9999999999999996	0.4	-0.04276100567177263	0.04276100567177267	0.0855220113435453	2.2906189916194615
72:	3.1999999999999993	0.4	-0.04565881429675068	0.04565881429675056	0.09131762859350123	2.4481147169115407
73:	3.3999999999999995	0.4	-0.04855662531792758	0.04855662531792757	0.09711325063585516	2.605634989705187
74:	3.5999999999999996	0.4	-0.05145443833633234	0.05145443833633241	0.10290887667266475	2.7631757794050715
75:	3.7999999999999994	0.4	-0.05435225303690747	0.05435225303690753	0.108704506073815	2.9207338925615587
76:	3.999999999999999	0.4	-0.057250069167550405	0.05725006916755051	0.11450013833510092	3.0783067661486707
77:	4.199999999999999	0.4	-0.060147886524137356	0.06014788652413725	0.1202957730482746	3.2358923192415867
78:	4.3999999999999995	0.4	-0.06304570493962681	0.06304570493962694	0.12609140987925377	3.3934888447046285
79:	4.6	0.4	-0.0659435242760069	0.06594352427600665	0.13188704855201355	3.551094928835483
80:	4.799999999999999	0.4	-0.06884134441824957	0.0688413444182496	0.13768268883649917	3.708709390891818
81:	4.999999999999999	0.4	-0.07173916526971894	0.071739165269719	0.14347833053943793	3.8663312369863623
82:	5.199999999999999	0.4	-0.07463698674863586	0.07463698674863582	0.14927397349727167	4.023959624518122
83:	5.399999999999999	0.4	-0.07753480878532855	0.07753480878532851	0.15506961757065707	4.181593834432865
84:	5.599999999999999	0.4	-0.08043263132007247	0.08043263132007226	0.16086526264014472	4.339233249373065
85:	5.799999999999999	0.4	-0.08333045430137559	0.08333045430137558	0.16666090860275118	4.4968773363077075
86:	5.999999999999999	0.4	-0.08622827768460764	0.08622827768460754	0.17245655536921517	4.654525632605893
87:	6.199999999999999	0.4	-0.08912610143089436	0.08912610143089436	0.17825220286178872	4.8121777347826225
88:	6.399999999999999	0.4	-0.09202392550621713	0.09202392550621719	0.18404785101243432	4.969833289337211
89:	6.599999999999999	0.4	-0.09492174988067947	0.09492174988067904	0.1898434997613585	5.127491985243835
90:	6.799999999999999	0.4	-0.09781957452789987	0.09781957452789974	0.1956391490557996	5.285153547756681
91:	1.0	0.6000000000000001	-0.013431206779049583	0.013431206779049604	0.026862413558099187	0.692923621955499
92:	1.2	0.6000000000000001	-0.01632867134016183	0.016328671340161836	0.032657342680323664	0.8471474513280948
93:	1.4	0.6000000000000001	-0.019226239656627512	0.01922623965662751	0.03845247931325502	1.0023261891009414
94:	1.5999999999999999	0.6000000000000001	-0.0221238729430003	0.022123872943000288	0.04424774588600058	1.15811112088576
95:	1.7999999999999998	0.6000000000000001	-0.025021549603262656	0.02502154960326268	0.05004309920652533	1.3143117961300677
96:	1.9999999999999998	0.6000000000000001	-0.027919256657966202	0.027919256657966157	0.055838513315932356	1.4708040380415932
97:	2.1999999999999997	0.6000000000000001	-0.030816985836637768	0.030816985836637795	0.06163397167327556	1.6275105215436747
98:	2.3999999999999995	0.6000000000000001	-0.033714731619843306	0.033714731619843286	0.0674294632396866	1.784379078326767
99:	2.5999999999999996	0.6000000000000001	-0.03661249018315084	0.03661249018315076	0.0732249803663016	1.9413720296602088
100:	2.8	0.6000000000000001	-0.039510258792863046	0.03951025879286295	0.079020517585726	2.098465757669142
101:	2.9999999999999996	0.6000000000000001	-0.04240803544304893	0.04240803544304891	0.08481607088609783	2.2556393129133534
102:	3.1999999999999993	0.6000000000000001	-0.04530581862847486	0.04530581862847474	0.0906116372569496	2.412878058038496
103:	3.3999999999999995	0.6000000000000001	-0.04820360719755743	0.048203607197557494	0.09640721439511493	2.5701707321194376
104:	3.5999999999999996	0.6000000000000001	-0.05110140025426553	0.05110140025426563	0.10220280050853116	2.727508529394009
105:	3.7999999999999994	0.6000000000000001	-0.05399919709095719	0.0539991970909572	0.1079983941819144	2.884884623163985
106:	3.999999999999999	0.6000000000000001	-0.056896997141341915	0.05689699714134188	0.1137939942826838	3.042293059928957
107:	4.199999999999999	0.6000000000000001	-0.059794799946866185	0.05979479994686604	0.11958959989373222	3.1997294631394193
108:	4.3999999999999995	0.6000000000000001	-0.06269260513225458	0.06269260513225457	0.12538521026450916	3.357190085678192
109:	4.6	0.6000000000000001	-0.06559041238742648	0.06559041238742655	0.13118082477485304	3.5146718217835295
110:	4.799999999999999	0.6000000000000001	-0.06848822144512601	0.06848822144512605	0.13697644289025207	3.672172075367458
111:	4.999999999999999	0.6000000000000001	-0.07138603210683017	0.07138603210683007	0.14277206421366023	3.829688659516552
112:	5.199999999999999	0.6000000000000001	-0.07428384417880168	0.07428384417880164	0.1485676883576033	3.9872197188837255
113:	5.399999999999999	0.6000000000000001	-0.07718165750449836	0.07718165750449854	0.15436331500899692	4.144763669107678
114:	5.599999999999999	0.6000000000000001	-0.08007947194972052	0.0800794719497205	0.16015894389944102	4.302319149053313
115:	5.799999999999999	0.6000000000000001	-0.08297728739876084	0.08297728739876059	0.16595457479752143	4.45988498281388
116:	5.999999999999999	0.6000000000000001	-0.08587510375132573	0.08587510375132601	0.17175020750265174	4.617460149223055
117:	6.199999999999999	0.6000000000000001	-0.08877292092005232	0.08877292092005229	0.1775458418401046	4.775043757199521
118:	6.399999999999999	0.6000000000000001	-0.09167073882848815	0.09167073882848803	0.18334147765697617	4.932635025662235
119:	6.599999999999999	0.6000000000000001	-0.09456855740944028	0.09456855740944037	0.18913711481888065	5.090233267056965
120:	6.799999999999999	0.6000000000000001	-0.09746637660361537	0.0974663766036154	0.19493275320723077	5.24783787375844
121:	1.0	0.8	-0.013079530111517471	0.013079530111517482	0.026159060223034953	0.6700605518848047
122:	1.2	0.8	-0.015976713201483316	0.015976713201483347	0.03195342640296667	0.8217930417663996
123:	1.4	0.8	-0.01887407995401038	0.018874079954010383	0.03774815990802076	0.9751489681878538
124:	1.5999999999999999	0.8	-0.02177156178688242	0.021771561786882446	0.043543123573764865	1.129529935103195
125:	1.7999999999999998	0.8	-0.02466912048379073	0.024669120483790774	0.049338240967581506	1.2846190295136524
126:	1.9999999999999998	0.8	-0.027566733063155702	0.027566733063155702	0.055133466126311405	1.440211412708549
127:	2.1999999999999997	0.8	-0.03046438487465608	0.030464384874656032	0.06092876974931211	1.5961711536401684
128:	2.3999999999999995	0.8	-0.033362066137683645	0.03336206613768356	0.0667241322753672	1.7524157281883266
129:	2.5999999999999996	0.8	-0.03625977007325241	0.0362597700732524	0.0725195401465048	1.9088778643141489
130:	2.8	0.8	-0.039157491834577604	0.03915749183457777	0.07831498366915537	2.06551228406952
131:	2.9999999999999996	0.8	-0.04205522786445709	0.042055227864457145	0.08411045572891424	2.222285476239458
132:	3.1999999999999993	0.8	-0.044952975493124325	0.04495297549312444	0.08990595098624876	2.379172104438956
133:	3.3999999999999995	0.8	-0.047850732677755234	0.04785073267775519	0.09570146535551043	2.5361526555151293
134:	3.5999999999999996	0.8	-0.05074849782864164	0.05074849782864169	0.10149699565728332	2.693211855861119
135:	3.7999999999999994	0.8	-0.053646269690161896	0.05364626969016191	0.1072925393803238	2.8503375781803166
136:	3.999999999999999	0.8	-0.056544047257398505	0.05654404725739867	0.11308809451479718	3.00752007016148
137:	4.199999999999999	0.8	-0.059441829716542785	0.05944182971654275	0.11888365943308554	3.164751399615503
138:	4.3999999999999995	0.8	-0.06233961640152583	0.0623396164015258	0.12467923280305163	3.322024337752634
139:	4.6	0.8	-0.06523740676194947	0.06523740676194952	0.130474813523899	3.479335001521766
140:	4.799999999999999	0.8	-0.06813520033902078	0.06813520033902071	0.13627040067804147	3.63667803919242
141:	4.999999999999999	0.8	-0.07103299674725554	0.07103299674725545	0.142065993494511	3.7940496428681754
142:	5.199999999999999	0.8	-0.07393079566039906	0.07393079566039912	0.14786159132079818	3.9514465799248106
143:	5.399999999999999	0.8	-0.07682859680047084	0.0768285968004708	0.15365719360094166	4.1088660882394885
144:	5.599999999999999	0.8	-0.07972639992915495	0.07972639992915476	0.1594527998583097	4.266305793527508
145:	5.799999999999999	0.8	-0.08262420484096845	0.0826242048409682	0.16524840968193666	4.4237636435264385
146:	5.999999999999999	0.8	-0.08552201135779573	0.0855220113577956	0.17104402271559133	4.581237855151408
147:	6.199999999999999	0.8	-0.0884198193244793	0.08841981932447969	0.176839638648959	4.738726871732303
148:	6.399999999999999	0.8	-0.09131762860523712	0.09131762860523691	0.18263525721047402	4.896229328157072
149:	6.599999999999999	0.8	-0.09421543908072702	0.09421543908072678	0.18843087816145382	5.053744022265804
150:	6.799999999999999	0.8	-0.09711325064563499	0.0971132506456346	0.1942265012912696	5.21126997941057
151:	1.0	1.0	-0.012728334007641007	0.012728334007641012	0.02545666801528202	0.6512676127097022
152:	1.2	1.0	-0.015625156954114133	0.015625156954114157	0.031250313908228286	0.7999847084246173
153:	1.4	1.0	-0.018522265561745327	0.01852226556174533	0.037044531123490654	0.9510755124933452
154:	1.5999999999999999	1.0	-0.02141955332330656	0.02141955332330656	0.04283910664661312	1.10372273539206
155:	1.7999999999999998	1.0	-0.02431696080171348	0.024316960801713434	0.048633921603426916	1.2574438060924265
156:	1.9999999999999998	1.0	-0.027214452233603022	0.027214452233602995	0.05442890446720602	1.4119124188783474
157:	2.1999999999999997	1.0	-0.030112004810311364	0.03011200481031137	0.060224009620622736	1.5669445993377837
158:	2.3999999999999995	1.0	-0.03300960329923912	0.033009603299239146	0.06601920659847826	1.7224046934977166
159:	2.5999999999999996	1.0	-0.035907237139505596	0.03590723713950561	0.0718144742790112	1.8781973665759073
160:	2.8	1.0	-0.038804898778532014	0.03880489877853198	0.07760979755706399	2.0342536742620028
161:	2.9999999999999996	1.0	-0.041702582672104485	0.04170258267210442	0.08340516534420891	2.1905196602460424
162:	3.1999999999999993	1.0	-0.04460028465841778	0.04460028465841783	0.08920056931683562	2.346963004045334
163:	3.3999999999999995	1.0	-0.04749800155249451	0.047498001552494465	0.09499600310498899	2.503550251757781
164:	3.5999999999999996	1.0	-0.05039573087547886	0.05039573087547885	0.10079146175095771	2.6602581005885324
165:	3.7999999999999994	1.0	-0.05329347066922757	0.053293470669227544	0.10658694133845512	2.817068029295758
166:	3.999999999999999	1.0	-0.05619121936640548	0.05619121936640553	0.11238243873281101	2.9739651305510706
167:	4.199999999999999	1.0	-0.05908897569762187	0.0590889756976218	0.11817795139524367	3.13093726963593
168:	4.3999999999999995	1.0	-0.06198673862384555	0.06198673862384537	0.12397347724769092	3.2879744678151037
169:	4.6	1.0	-0.06488450728641719	0.06488450728641706	0.12976901457283424	3.4450684433628758
170:	4.799999999999999	1.0	-0.06778228096953859	0.06778228096953857	0.13556456193907718	3.602212265128763
171:	4.999999999999999	1.0	-0.0706800590717482	0.07068005907174825	0.14136011814349644	3.759400087702597
172:	5.199999999999999	1.0	-0.07357784108396764	0.07357784108396766	0.1471556821679353	3.916626946593476
173:	5.399999999999999	1.0	-0.07647562657242124	0.07647562657242137	0.1529512531448426	4.073888598126141
174:	5.599999999999999	1.0	-0.0793734151652092	0.07937341516520904	0.15874683033041825	4.231181393058641
175:	5.799999999999999	1.0	-0.08227120654165389	0.08227120654165376	0.16454241308330764	4.388502175911565
176:	5.999999999999999	1.0	-0.08516900042377606	0.08516900042377605	0.17033800084755213	4.5458482041026835
177:	6.199999999999999	1.0	-0.08806679656941549	0.08806679656941548	0.17613359313883098	4.703217082482772
178:	6.399999999999999	1.0	-0.09096459476664383	0.09096459476664383	0.18192918953328766	4.8606067099537436
179:	6.599999999999999	1.0	-0.09386239482918729	0.09386239482918736	0.18772478965837464	5.018015235643453
180:	6.799999999999999	1.0	-0.09676019659266083	0.09676019659266086	0.1935203931853217	5.175440604350158
181:	1.0	1.2000000000000002	-0.01237761605696762	0.012377616056967609	0.02475523211393523	0.6362452291842463
182:	1.2	1.2000000000000002	-0.01527400080916919	0.01527400080916919	0.03054800161833838	0.7815211353978054
183:	1.4	1.2000000000000002	-0.018170795184086253	0.01817079518408622	0.03634159036817247	0.9300048106054
184:	1.5999999999999999	1.2000000000000002	-0.02106784659674514	0.021067846596745116	0.04213569319349025	1.0806117251214267
185:	1.7999999999999998	1.2000000000000002	-0.02396506980222502	0.023965069802224976	0.04793013960445	1.2326895626418424
186:	1.9999999999999998	1.2000000000000002	-0.026862413558099207	0.0268624135580992	0.05372482711619841	1.3858312663543497
187:	2.1999999999999997	1.2000000000000002	-0.02975984513863132	0.0297598451386313	0.059519690277262616	1.5397703861710708
188:	2.3999999999999995	1.2000000000000002	-0.03265734268032367	0.0326573426803237	0.06531468536064737	1.694294902653518
189:	2.5999999999999996	1.2000000000000002	-0.03555489102057928	0.0355548910205793	0.07110978204115859	1.8492877409670556
190:	2.8	1.2000000000000002	-0.038452479313255024	0.03845247931325502	0.07690495862651003	2.004652378200873
191:	2.9999999999999996	1.2000000000000002	-0.0413500995947335	0.041350099594733535	0.08270019918946703	2.160317119062507
192:	3.1999999999999993	1.2000000000000002	-0.04424774588600052	0.04424774588600058	0.08849549177200111	2.316227605531486
193:	3.3999999999999995	1.2000000000000002	-0.04714541361068315	0.047145413610683175	0.09429082722136632	2.4723418774956905
194:	3.5999999999999996	1.2000000000000002	-0.05004309920652531	0.05004309920652536	0.10008619841305066	2.6286270287226112
195:	3.7999999999999994	1.2000000000000002	-0.05294079985922803	0.0529407998592279	0.10588159971845593	2.7850540886905075
196:	3.999999999999999	1.2000000000000002	-0.055838513315932405	0.055838513315932314	0.11167702663186471	2.941608076108081
197:	4.199999999999999	1.2000000000000002	-0.05873623775186647	0.05873623775186665	0.11747247550373312	3.098268426113669
198:	4.3999999999999995	1.2000000000000002	-0.061633971673275535	0.06163397167327559	0.12326794334655113	3.2550210431024618
199:	4.6	1.2000000000000002	-0.06453171384562023	0.06453171384562012	0.12906342769124035	3.4118542209250555
200:	4.799999999999999	1.2000000000000002	-0.06742946323968661	0.06742946323968657	0.1348589264793732	3.568758156663129
201:	4.999999999999999	1.2000000000000002	-0.07032721899060396	0.07032721899060393	0.14065443798120789	3.7257245785391104
202:	5.199999999999999	1.2000000000000002	-0.07322498036630168	0.07322498036630153	0.1464499607326032	3.882746457881475
203:	5.399999999999999	1.2000000000000002	-0.07612274674296246	0.07612274674296242	0.15224549348592487	4.039817783794239
204:	5.599999999999999	1.2000000000000002	-0.079020517585726	0.07902051758572595	0.15804103517145196	4.196933385158933
205:	5.799999999999999	1.2000000000000002	-0.08191829243337842	0.08191829243337825	0.16383658486675667	4.354088788757958
206:	5.999999999999999	1.2000000000000002	-0.08481607088609786	0.08481607088609781	0.16963214177219565	4.511280105243708
207:	6.199999999999999	1.2000000000000002	-0.08771385259556969	0.08771385259556962	0.17542770519113932	4.668503936776417
208:	6.399999999999999	1.2000000000000002	-0.09061163725694972	0.09061163725694948	0.1812232745138992	4.825757301671818
209:	6.599999999999999	1.2000000000000002	-0.0935094246022888	0.09350942460228882	0.18701884920457762	4.983037572510576
210:	6.799999999999999	1.2000000000000002	-0.09640721439511486	0.09640721439511499	0.19281442879022986	5.140342424983445
211:	1.0	1.4000000000000001	-0.012027373747747936	0.012027373747747873	0.02405474749549581	0.62462117509226
212:	1.2	1.4000000000000001	-0.01492324314090834	0.014923243140908345	0.029846486281816687	0.7662052144884
213:	1.4	1.4000000000000001	-0.01781966761069741	0.017819667610697396	0.035639335221394806	0.9117877328447707
214:	1.5999999999999999	1.4000000000000001	-0.020716440591099585	0.02071644059109954	0.04143288118219912	1.0600842278445513
215:	1.7999999999999998	1.4000000000000001	-0.023613446730261632	0.023613446730261653	0.047226893460523285	1.2103092964338262
216:	1.9999999999999998	1.4000000000000001	-0.026510616425112564	0.026510616425112536	0.0530212328502251	1.3619256611491912
217:	2.1999999999999997	1.4000000000000001	-0.02940790535432301	0.02940790535432295	0.05881581070864596	1.5145787599183915
218:	2.3999999999999995	1.4000000000000001	-0.0323052838564558	0.032305283856455716	0.06461056771291152	1.668029959721264
219:	2.5999999999999996	1.4000000000000001	-0.03520273135487929	0.035202731354879335	0.07040546270975861	1.8221141085805346
220:	2.8	1.4000000000000001	-0.038100233127044254	0.038100233127044233	0.0762004662540885	1.9766773864287082
221:	2.9999999999999996	1.4000000000000001	-0.04099777836088472	0.0409977783608847	0.08199555672176942	2.1316414048651384
222:	3.1999999999999993	1.4000000000000001	-0.043895358937341915	0.043895358937341866	0.08779071787468379	2.2869339507473074
223:	3.3999999999999995	1.4000000000000001	-0.046792968641074746	0.04679296864107483	0.09358593728214958	2.442499182046975
224:	3.5999999999999996	1.4000000000000001	-0.04969060263339422	0.04969060263339433	0.09938120526678855	2.5982932443285938
225:	3.7999999999999994	1.4000000000000001	-0.05258825709111768	0.052588257091117536	0.10517651418223523	2.754281220228831
226:	3.999999999999999	1.4000000000000001	-0.055485928953443904	0.05548592895344401	0.1109718579068879	2.910434963538389
227:	4.199999999999999	1.4000000000000001	-0.05838361574094639	0.0583836157409463	0.11676723148189269	3.0667315335164442
228:	4.3999999999999995	1.4000000000000001	-0.0612813154237963	0.06128131542379628	0.12256263084759259	3.2231520436943906
229:	4.6	1.4000000000000001	-0.06417902632427636	0.0641790263242763	0.12835805264855266	3.379677964000277
230:	4.799999999999999	1.4000000000000001	-0.06707674704360338	0.06707674704360347	0.13415349408720684	3.5363022534445414
231:	4.999999999999999	1.4000000000000001	-0.06997447640627429	0.0699744764062742	0.1399489528125485	3.6930104777773827
232:	5.199999999999999	1.4000000000000001	-0.07287221341722343	0.07287221341722334	0.14574442683444677	3.8497932232573273
233:	5.399999999999999	1.4000000000000001	-0.07576995722848266	0.07576995722848243	0.15153991445696507	4.006642435579305
234:	5.599999999999999	1.4000000000000001	-0.07866770711296775	0.07866770711296774	0.1573354142259355	4.163551182775179
235:	5.799999999999999	1.4000000000000001	-0.08156546244368	0.0815654624436801	0.16313092488736008	4.320513466088032
236:	5.999999999999999	1.4000000000000001	-0.08446322267705707	0.08446322267705704	0.1689264453541141	4.477524067865107
237:	6.199999999999999	1.4000000000000001	-0.08736098733954038	0.08736098733954051	0.1747219746790809	4.634578428281691
238:	6.399999999999999	1.4000000000000001	-0.09025875601665938	0.09025875601665936	0.18051751203331873	4.791672544714267
239:	6.599999999999999	1.4000000000000001	-0.09315652834409177	0.09315652834409163	0.1863130566881834	4.948802889050745
240:	6.799999999999999	1.4000000000000001	-0.09605430400030408	0.09605430400030407	0.19210860800060814	5.105966339313484
241:	1.0	1.6	-0.011677604580241394	0.011677604580241382	0.023355209160482775	0.6160058015680647
242:	1.2	1.6	-0.014572882186992984	0.01457288218699297	0.029145764373985954	0.7537711629322195
243:	1.4	1.6	-0.0174688815586186	0.017468881558618587	0.03493776311723719	0.8962511740481196
244:	1.5999999999999999	1.6	-0.020365334412225607	0.02036533441222557	0.04073066882445117	1.0420431232262055
245:	1.7999999999999998	1.6	-0.023262090756999722	0.02326209075699973	0.04652418151399945	1.19020291054609
246:	1.9999999999999998	1.6	-0.026159060175366226	0.026159060175366226	0.05231812035073245	1.3401207884573478
247:	2.1999999999999997	1.6	-0.02905618495193201	0.029056184951931994	0.05811236990386401	1.491350538324969
248:	2.3999999999999995	1.6	-0.03195342640296661	0.031953426402966625	0.06390685280593324	1.643589384741051
249:	2.5999999999999996	1.6	-0.03485075778062358	0.0348507577806236	0.06970151556124718	1.7966176274571073
250:	2.8	1.6	-0.03774815990802076	0.037748159908020766	0.07549631981604152	1.9502804447283466
251:	2.9999999999999996	1.6	-0.04064561869893656	0.04064561869893654	0.08129123739787311	2.1044549140346955
252:	3.1999999999999993	1.6	-0.043543123573764934	0.04354312357376482	0.08708624714752976	2.2590598702039038
253:	3.3999999999999995	1.6	-0.046440666432292124	0.04644066643229222	0.09288133286458435	2.414001867597516
254:	3.5999999999999996	1.6	-0.04933824096758146	0.04933824096758155	0.09867648193516301	2.569238059026116
255:	3.7999999999999994	1.6	-0.05223584219574669	0.05223584219574661	0.10447168439149329	2.724723737772852
256:	3.999999999999999	1.6	-0.055133466126311405	0.055133466126311405	0.11026693225262281	2.8804228254164768
257:	4.199999999999999	1.6	-0.058031109526447404	0.05803110952644726	0.11606221905289466	3.036305888084759
258:	4.3999999999999995	1.6	-0.06092876974931216	0.060928769749312064	0.12185753949862423	3.192348674718977
259:	4.6	1.6	-0.06382644460703482	0.06382644460703478	0.1276528892140696	3.3485310242999327
260:	4.799999999999999	1.6	-0.06672413227536729	0.06672413227536712	0.1334482645507344	3.504836038310201
261:	4.999999999999999	1.6	-0.06962183122115514	0.06962183122115506	0.1392436624423102	3.661249445757217
262:	5.199999999999999	1.6	-0.07251954014650482	0.0725195401465048	0.1450390802930096	3.8177591113072475
263:	5.399999999999999	1.6	-0.07541725794532393	0.07541725794532388	0.1508345158906478	3.9743517186146793
264:	5.599999999999999	1.6	-0.07831498366915521	0.07831498366915544	0.15662996733831064	4.13102456815758
265:	5.799999999999999	1.6	-0.08121271650005998	0.08121271650005997	0.16242543300011997	4.287766553084943
266:	5.999999999999999	1.6	-0.08411045572891418	0.08411045572891429	0.16822091145782847	4.444570952491879
267:	6.199999999999999	1.6	-0.08700820073789577	0.08700820073789552	0.17401640147579128	4.601431890826663
268:	6.399999999999999	1.6	-0.08990595098624865	0.08990595098624889	0.17981190197249752	4.758344208887196
269:	6.599999999999999	1.6	-0.09280370599863048	0.09280370599863051	0.185607411997261	4.915303357753801
270:	6.799999999999999	1.6	-0.09570146535551047	0.09570146535551038	0.19140293071102085	5.072305311037047
271:	1.0	1.8	-0.011328306115605338	0.01132830611560531	0.022656612231210647	0.6100099664696871
272:	1.2	1.8	-0.014222916213586352	0.014222916213586343	0.028445832427172697	0.7439544154281675
273:	1.4	1.8	-0.017118435759362196	0.01711843575936218	0.03423687151872437	0.8832195935734134
274:	1.5999999999999999	1.8	-0.02001452706456896	0.020014527064568983	0.040029054129137945	1.0263457591197442
275:	1.7999999999999998	1.8	-0.022911001213753838	0.022911001213753782	0.04582200242750762	1.1722985136084276
276:	1.9999999999999998	1.8	-0.025807744252892843	0.02580774425289283	0.05161548850578567	1.3203612476376256
277:	2.1999999999999997	1.8	-0.02870468336714269	0.02870468336714266	0.05740936673428535	1.4700144802409747
278:	2.3999999999999995	1.8	-0.031601769854084624	0.03160176985408456	0.06320353970816919	1.6209175876675899
279:	2.5999999999999996	1.8	-0.03449896993592435	0.03449896993592438	0.06899793987184873	1.7727959364359525
280:	2.8	1.8	-0.037396259344187076	0.03739625934418705	0.07479251868837412	1.925455233242943
281:	2.9999999999999996	1.8	-0.040293620337148894	0.040293620337148756	0.08058724067429765	2.078746729483468
282:	3.1999999999999993	1.8	-0.04319103955647864	0.04319103955647869	0.08638207911295734	2.232563417059233
283:	3.3999999999999995	1.8	-0.0460885067728514	0.0460885067728514	0.0921770135457028	2.3868144068593633
284:	3.5999999999999996	1.8	-0.04898601402048542	0.04898601402048547	0.09797202804097088	2.5414423539791016
285:	3.7999999999999994	1.8	-0.05188355500387612	0.05188355500387598	0.1037671100077521	2.6963669771537235
286:	3.999999999999999	1.8	-0.05478112468182494	0.054781124681824785	0.10956224936364972	2.8515579121471983
287:	4.199999999999999	1.8	-0.057678718969882456	0.05767871896988249	0.11535743793976494	3.0069785673008482
288:	4.3999999999999995	1.8	-0.06057633452366122	0.06057633452366112	0.12115266904732233	3.162598765403369
289:	4.6	1.8	-0.06347396857848499	0.06347396857848496	0.12694793715696995	3.318393398784022
290:	4.799999999999999	1.8	-0.06637161882900097	0.06637161882900088	0.13274323765800183	3.474341408297024
291:	4.999999999999999	1.8	-0.06926928333759322	0.06926928333759311	0.13853856667518633	3.6304249990434108
292:	5.199999999999999	1.8	-0.07216696046387228	0.07216696046387237	0.14433392092774466	3.7866290313163407
293:	5.399999999999999	1.8	-0.075064648809788	0.0750646488097881	0.1501292976195761	3.9429405431038993
294:	5.599999999999999	1.8	-0.07796234717647152	0.07796234717647152	0.15592469435294304	4.099348371587266
295:	5.799999999999999	1.8	-0.08086005452998438	0.08086005452998417	0.16172010905996853	4.2558428513126145
296:	5.999999999999999	1.8	-0.08375776997389858	0.08375776997389858	0.16751553994779717	4.41241557096063
297:	6.199999999999999	1.8	-0.08665549272717327	0.0866554927271734	0.17331098545434667	4.569056124079601
298:	6.399999999999999	1.8	-0.08955322210616679	0.08955322210616659	0.17910644421233338	4.72576450285727
299:	6.599999999999999	1.8	-0.09245095750991335	0.09245095750991324	0.18490191501982658	4.882531564660767
300:	6.799999999999999	1.8	-0.09534869840799322	0.09534869840799325	0.19069739681598646	5.039352275355791
301:	1.0	2.0	-0.01097947575135244	0.010979475751352446	0.021958951502704886	0.6062302383536048
302:	1.2	2.0	-0.013873343479832708	0.013873343479832675	0.02774668695966538	0.7364888051012164
303:	1.4	2.0	-0.01676832894017777	0.01676832894017773	0.0335366578803555	0.8725013952984949
304:	1.5999999999999999	2.0	-0.019664017577147194	0.01966401757714721	0.03932803515429441	1.0128604103947454
305:	1.7999999999999998	2.0	-0.022560177298299858	0.022560177298299865	0.04512035459659972	1.1564754722936224
306:	1.9999999999999998	2.0	-0.025456668015282007	0.025456668015282	0.050913336030564006	1.302553903991183
307:	2.1999999999999997	2.0	-0.028353400169888344	0.02835340016988837	0.056706800339776715	1.4505288312426439
308:	2.3999999999999995	2.0	-0.03125031383762517	0.03125031383762515	0.06250062767525033	1.5999694167917282
309:	2.5999999999999996	2.0	-0.034147367408239995	0.03414736740824015	0.06829473481648014	1.7505931741502478
310:	2.8	2.0	-0.03704453108623536	0.03704453108623542	0.07408906217247077	1.9021569481164577
311:	2.9999999999999996	2.0	-0.039941783003708355	0.03994178300370824	0.07988356600741658	2.054486730922951
312:	3.1999999999999993	2.0	-0.042839106646613105	0.04283910664661309	0.0856782132932262	2.207448373381699
313:	3.3999999999999995	2.0	-0.04573648945118921	0.04573648945118921	0.09147297890237842	2.360934776868841
314:	3.5999999999999996	2.0	-0.04863392160342696	0.04863392160342687	0.09726784320685383	2.5148681054494673
315:	3.7999999999999994	2.0	-0.05153139534619357	0.05153139534619359	0.10306279069238716	2.6691784609873705
316:	3.999999999999999	2.0	-0.054428904467206045	0.05442890446720599	0.10885780893441203	2.8238248377543087
317:	4.199999999999999	2.0	-0.05732644393270063	0.057326443932700595	0.11465288786540123	2.978735403067949
318:	4.3999999999999995	2.0	-0.06022400962062273	0.06022400962062274	0.12044801924124547	3.133889198674242
319:	4.6	2.0	-0.06312159812316223	0.06312159812316233	0.12624319624632457	3.2892557268713047
320:	4.799999999999999	2.0	-0.06601920659847824	0.06601920659847829	0.13203841319695653	3.4448093869946637
321:	4.999999999999999	2.0	-0.06891683265788913	0.0689168326578891	0.13783366531577823	3.600528531770449
322:	5.199999999999999	2.0	-0.07181447427901119	0.07181447427901122	0.1436289485580224	3.756394733151338
323:	5.399999999999999	2.0	-0.07471212973813733	0.07471212973813716	0.1494242594762745	3.9123922055396347
324:	5.599999999999999	2.0	-0.07760979755706404	0.0776097975570641	0.15521959511412814	4.0685073484698675
325:	5.799999999999999	2.0	-0.08050747646088616	0.08050747646088598	0.16101495292177215	4.2247283812340335
326:	5.999999999999999	2.0	-0.08340516534420897	0.08340516534420885	0.16681033068841783	4.381045047897554
327:	6.199999999999999	2.0	-0.08630286324388288	0.08630286324388281	0.17260572648776568	4.537448378339078
328:	6.399999999999999	2.0	-0.08920056931683557	0.08920056931683566	0.17840113863367124	4.69393049262756
329:	6.599999999999999	2.0	-0.09209828282192553	0.09209828282192573	0.18419656564385126	4.850484440104219
330:	6.799999999999999	2.0	-0.09499600310498903	0.09499600310498893	0.18999200620997797	5.0071040661564
331:	1.0	2.2	-0.010631111002365811	0.010631111002365759	0.02126222200473157	0.6042845261537239
332:	1.2	2.2	-0.013524162336156059	0.013524162336156059	0.027048324672312118	0.7310826890683042
333:	1.4	2.2	-0.01641855982393612	0.016418559823936127	0.03283711964787225	0.8638943183182286
334:	1.5999999999999999	2.2	-0.019313804976132033	0.019313804976132047	0.03862760995226408	1.0014426433738863
335:	1.7999999999999998	2.2	-0.022209618243566674	0.022209618243566678	0.04441923648713335	1.1426323397154676
336:	1.9999999999999998	2.2	-0.025105830842711854	0.025105830842711785	0.05021166168542364	1.2866299544961204
337:	2.1999999999999997	2.2	-0.028002334816810203	0.028002334816810203	0.056004669633620406	1.4328092943743007
338:	2.3999999999999995	2.2	-0.03089905790227654	0.030899057902276494	0.061798115804553036	1.580711216550412
339:	2.5999999999999996	2.2	-0.03379594990489583	0.03379594990489594	0.06759189980979177	1.7299837863933407
340:	2.8	2.2	-0.036692974873070806	0.036692974873070786	0.0733859497461416	1.8803534828674944
341:	2.9999999999999996	2.2	-0.039590106381083484	0.03959010638108348	0.07918021276216697	2.0316406610295212
342:	3.1999999999999993	2.2	-0.04248732457026296	0.04248732457026292	0.08497464914052588	2.1836763413155458
343:	3.3999999999999995	2.2	-0.04538461425569014	0.04538461425569006	0.0907692285113802	2.336337637026226
344:	3.5999999999999996	2.2	-0.04828196352767105	0.048281963527671126	0.09656392705534217	2.4895268446121896
345:	3.7999999999999994	2.2	-0.051179363053330526	0.05117936305333047	0.102358726106661	2.643163180962799
346:	3.999999999999999	2.2	-0.05407680532962195	0.054076805329621905	0.10815361065924387	2.7971878945576707
347:	4.199999999999999	2.2	-0.056974284276298325	0.0569742842762982	0.11394856855259652	2.951545776112883
348:	4.3999999999999995	2.2	-0.05987179491392678	0.05987179491392678	0.11974358982785356	3.1061933398715547
349:	4.6	2.2	-0.06276933312555528	0.06276933312555519	0.1255386662511105	3.261106278536834
350:	4.799999999999999	2.2	-0.06566689547772936	0.0656668954777292	0.13133379095545855	3.4162290496594636
351:	4.999999999999999	2.2	-0.06856447908430373	0.06856447908430359	0.13712895816860732	3.5715498284802805
352:	5.199999999999999	2.2	-0.07146208150156845	0.07146208150156845	0.1429241630031369	3.7270466311624095
353:	5.399999999999999	2.2	-0.07435970064659989	0.07435970064659964	0.14871940129319952	3.882700615014683
354:	5.599999999999999	2.2	-0.0772573347330481	0.07725733473304802	0.15451466946609613	4.038495537353838
355:	5.799999999999999	2.2	-0.08015498222016906	0.08015498222016888	0.16030996444033796	4.194417322233339
356:	5.999999999999999	2.2	-0.08305264177201642	0.08305264177201645	0.16610528354403287	4.350453710853603
357:	6.199999999999999	2.2	-0.08595031222450902	0.08595031222450913	0.17190062444901816	4.506593977391807
358:	6.399999999999999	2.2	-0.08884799255865486	0.08884799255865489	0.17769598511730975	4.6628286967346275
359:	6.599999999999999	2.2	-0.09174568187863025	0.0917456818786297	0.18349136375725994	4.819149552691177
360:	6.799999999999999	2.2	-0.09464337939371446	0.0946433793937143	0.18928675878742876	4.975549179614514
361:	1.0	2.4000000000000004	-0.010283209342203899	0.010283209342203852	0.02056641868440775	0.603863933819182
362:	1.2	2.4000000000000004	-0.013175370901622952	0.013175370901622895	0.02635074180324585	0.727475698300779
363:	1.4	2.4000000000000004	-0.016069127204504468	0.01606912720450439	0.03213825440900886	0.8572032191388784
364:	1.5999999999999999	2.4000000000000004	-0.018963888284781828	0.018963888284781797	0.03792777656956363	0.9919392205853218
365:	1.7999999999999998	2.4000000000000004	-0.021859323280489427	0.02185932328048939	0.04371864656097882	1.1306566971323464
366:	1.9999999999999998	2.4000000000000004	-0.02475523211393524	0.024755232113935266	0.049510464227870504	1.272497570110321
367:	2.1999999999999997	2.4000000000000004	-0.02765148679560586	0.02765148679560591	0.055302973591211765	1.4168025535018436
368:	2.3999999999999995	2.4000000000000004	-0.030548001618338372	0.030548001618338375	0.061096003236676744	1.5630646847576943
369:	2.5999999999999996	2.4000000000000004	-0.03344471703084282	0.03344471703084277	0.0668894340616856	1.7109049527063396
370:	2.8	2.4000000000000004	-0.036341590368172506	0.03634159036817244	0.07268318073634494	1.860023873093462
371:	2.9999999999999996	2.4000000000000004	-0.039238590263049405	0.03923859026304932	0.07847718052609873	2.010192854276744
372:	3.1999999999999993	2.4000000000000004	-0.04213569313877952	0.04213569313877943	0.08427138627755895	2.161223450214406
373:	3.3999999999999995	2.4000000000000004	-0.045032880932144526	0.04503288093214465	0.09006576186428918	2.312995320018772
374:	3.5999999999999996	2.4000000000000004	-0.04793013957083013	0.047930139570830116	0.09586027914166025	2.465384077104934
375:	3.7999999999999994	2.4000000000000004	-0.0508274579558801	0.05082745795588002	0.10165491591176012	2.618298769778873
376:	3.999999999999999	2.4000000000000004	-0.053724827116198415	0.0537248271161984	0.10744965423239682	2.771665299334488
377:	4.199999999999999	2.4000000000000004	-0.05662223986203123	0.05662223986203103	0.11324447972406226	2.925420491353404
378:	4.3999999999999995	2.4000000000000004	-0.05951969027726264	0.0595196902772626	0.11903938055452523	3.079518905679136
379:	4.6	2.4000000000000004	-0.06241717347011396	0.06241717347011386	0.12483434694022782	3.233915394835078
380:	4.799999999999999	2.4000000000000004	-0.06531468536064734	0.0653146853606474	0.13062937072129474	3.3885745525869453
381:	4.999999999999999	2.4000000000000004	-0.06821222251906214	0.06821222251906209	0.13642444503812423	3.543466101661859
382:	5.199999999999999	2.4000000000000004	-0.07110978204115856	0.0711097820411586	0.14221956408231717	3.6985754819326924
383:	5.399999999999999	2.4000000000000004	-0.07400736145137234	0.07400736145137222	0.14801472290274456	3.853857088538617
384:	5.599999999999999	2.4000000000000004	-0.07690495862651012	0.07690495862650974	0.15380991725301985	4.009304756400842
385:	5.799999999999999	2.4000000000000004	-0.07980257173520995	0.07980257173520977	0.1596051434704197	4.164901943851743
386:	5.999999999999999	2.4000000000000004	-0.082700199189467	0.08270019918946707	0.16540039837893405	4.320634238124424
387:	6.199999999999999	2.4000000000000004	-0.08559783960551252	0.08559783960551243	0.17119567921102496	4.476489023773559
388:	6.399999999999999	2.4000000000000004	-0.08849549177200104	0.08849549177200117	0.17699098354400222	4.632455211062569
389:	6.599999999999999	2.4000000000000004	-0.09139315462396806	0.09139315462396817	0.18278630924793624	4.788523012078314
390:	6.799999999999999	2.4000000000000004	-0.0942908272213663	0.09429082722136635	0.18858165444273264	4.944683755044637
391:	1.0	2.6	-0.009935768239893337	0.009935768239893315	0.01987153647978665	0.6045505712199317
392:	1.2	2.6	-0.012826967479945559	0.012826967479945571	0.025653934959891128	0.7254315521887081
393:	1.4	2.6	-0.015720029693765868	0.015720029693765875	0.03144005938753174	0.8522128771061019
394:	1.5999999999999999	2.6	-0.018614266523369755	0.018614266523369723	0.03722853304673948	0.9842027877197813
395:	1.7999999999999998	2.6	-0.021509291637967946	0.021509291637967883	0.04301858327593583	1.120428715990175
396:	1.9999999999999998	2.6	-0.02440487120625488	0.024404871206254845	0.048809742412509724	1.2600670471664244
397:	2.1999999999999997	2.6	-0.027300855592902497	0.027300855592902514	0.05460171118580501	1.402431526935382
398:	2.3999999999999995	2.6	-0.03019714455529771	0.030197144555297723	0.06039428911059543	1.5469888026342
399:	2.5999999999999996	2.6	-0.033093668419866586	0.03309366841986665	0.06618733683973324	1.6933200751412858
400:	2.8	2.6	-0.03599037725622226	0.03599037725622218	0.07198075451244444	1.841107583985512
401:	2.9999999999999996	2.6	-0.038887234347246946	0.038887234347247016	0.07777446869449396	1.9900931684363876
402:	3.1999999999999993	2.6	-0.04178421208982455	0.04178421208982459	0.08356842417964915	2.1400765860190987
403:	3.3999999999999995	2.6	-0.04468128933240165	0.04468128933240163	0.08936257866480328	2.2908984803476913
404:	3.5999999999999996	2.6	-0.04757844959429048	0.04757844959429039	0.09515689918858086	2.4424214789834924
405:	3.7999999999999994	2.6	-0.05047567984387157	0.05047567984387159	0.10095135968774316	2.5945620863577736
406:	3.999999999999999	2.6	-0.05337296964122586	0.053372969641225974	0.10674593928245184	2.7472245310546723
407:	4.199999999999999	2.6	-0.05627031055122555	0.05627031055122564	0.1125406211024512	2.900339010926249
408:	4.3999999999999995	2.6	-0.05916769558428965	0.05916769558428967	0.11833539116857933	3.0538475232139275
409:	4.6	2.6	-0.06206511904125724	0.062065119041257236	0.12413023808251447	3.207699214805653
410:	4.799999999999999	2.6	-0.06496257614109498	0.06496257614109491	0.12992515228218987	3.3618582496171854
411:	4.999999999999999	2.6	-0.06786006286436051	0.06786006286436055	0.13572012572872105	3.5162869492944515
412:	5.199999999999999	2.6	-0.07075757580736787	0.07075757580736783	0.1415151516147357	3.670955671920546
413:	5.399999999999999	2.6	-0.07365511206862503	0.07365511206862509	0.14731022413725012	3.825839031034312
414:	5.599999999999999	2.6	-0.07655266915951071	0.07655266915951055	0.15310533831902126	3.980927080744233
415:	5.799999999999999	2.6	-0.07945024493336031	0.07945024493336027	0.15890048986672056	4.136174772043931
416:	5.999999999999999	2.6	-0.08234783752868359	0.08234783752868362	0.1646956750573672	4.291579561506066
417:	6.199999999999999	2.6	-0.08524544532333256	0.08524544532333247	0.17049089064666503	4.447126816584108
418:	6.399999999999999	2.6	-0.08814306689723166	0.08814306689723134	0.176286133794463	4.602803669175112
419:	6.599999999999999	2.6	-0.09104070100186375	0.09104070100186384	0.18208140200372758	4.758598757668316
420:	6.799999999999999	2.6	-0.09393834653512376	0.09393834653512359	0.18787669307024735	4.9145020128527435
421:	1.0	2.8000000000000003	-0.0095887851621927	0.009588785162192677	0.019177570324385378	0.6060383789775996
422:	1.2	2.8000000000000003	-0.012478950316927166	0.012478950316927142	0.024957900633854307	0.7246457099045356
423:	1.4	2.8000000000000003	-0.015371266051893439	0.01537126605189339	0.03074253210378683	0.8487216480672856
424:	1.5999999999999999	2.8000000000000003	-0.018264938807272063	0.018264938807272046	0.03652987761454411	0.9780651073585023
425:	1.7999999999999998	2.8000000000000003	-0.021159522542822932	0.02115952254282287	0.0423190450856458	1.1118340818351888
426:	1.9999999999999998	2.8000000000000003	-0.024054747495495805	0.02405474749549571	0.048109494990991514	1.249242258572064
427:	2.1999999999999997	2.8000000000000003	-0.02695044069423949	0.026950440694239446	0.05390088138847894	1.3896232120399126
428:	2.3999999999999995	2.8000000000000003	-0.029846486281816742	0.02984648628181672	0.05969297256363346	1.5324175558673794
429:	2.5999999999999996	2.8000000000000003	-0.03274280370511271	0.03274280370511267	0.06548560741022538	1.6771855916080711
430:	2.8	2.8000000000000003	-0.03563933522139482	0.03563933522139479	0.07127867044278961	1.823578474955669
431:	2.9999999999999996	2.8000000000000003	-0.0385360383589259	0.03853603835892586	0.07707207671785177	1.9713173152686267
432:	3.1999999999999993	2.8000000000000003	-0.04143288118219912	0.041432881182199115	0.08286576236439824	2.1201861098979715
433:	3.3999999999999995	2.8000000000000003	-0.04432983921577327	0.04432983921577323	0.0886596784315465	2.270005014644354
434:	3.5999999999999996	2.8000000000000003	-0.047226893386307936	0.04722689338630792	0.09445378677261586	2.420631145901017
435:	3.7999999999999994	2.8000000000000003	-0.05012402861019311	0.050124028610193175	0.1002480572203863	2.5719481596372726
436:	3.999999999999999	2.8000000000000003	-0.05302123280224707	0.053021232802247104	0.10604246560449418	2.723851322280339
437:	4.199999999999999	2.8000000000000003	-0.05591849616596841	0.05591849616596846	0.11183699233193686	2.876281423286963
438:	4.3999999999999995	2.8000000000000003	-0.058815810676268364	0.058815810676268454	0.11763162135253682	3.029162009369537
439:	4.6	2.8000000000000003	-0.06171316972338219	0.061713169723382096	0.12342633944676429	3.1824379451927864
440:	4.799999999999999	2.8000000000000003	-0.0646105677129116	0.06461056771291143	0.12922113542582303	3.3360626620868774
441:	4.999999999999999	2.8000000000000003	-0.06750800002237119	0.06750800002237105	0.13501600004474223	3.489996578596399
442:	5.199999999999999	2.8000000000000003	-0.07040546270975857	0.07040546270975867	0.14081092541951723	3.6442040104357902
443:	5.399999999999999	2.8000000000000003	-0.0733029524145051	0.07330295241450499	0.1466059048290101	3.7986599310590528
444:	5.599999999999999	2.8000000000000003	-0.07620046625408856	0.0762004662540885	0.15240093250817704	3.9533368774527204
445:	5.799999999999999	2.8000000000000003	-0.07909800174195178	0.07909800174195175	0.15819600348390353	4.108213021715316
446:	5.999999999999999	2.8000000000000003	-0.08199555672176943	0.0819955567217694	0.16399111344353884	4.26326938222593
447:	6.199999999999999	2.8000000000000003	-0.08489312931438904	0.08489312931438878	0.16978625862877783	4.418500852855215
448:	6.399999999999999	2.8000000000000003	-0.08779071787468383	0.08779071787468373	0.17558143574936758	4.573867901493609
449:	6.599999999999999	2.8000000000000003	-0.09068832095622231	0.09068832095622224	0.18137664191244457	4.729370923276084
450:	6.799999999999999	2.8000000000000003	-0.09358593728214949	0.09358593728214966	0.18717187456429915	4.884998364093259
451:	1.0	3.0	-0.009242257588143574	0.009242257588143522	0.018484515176287096	0.6079910156607579
452:	1.2	3.0	-0.012131317655546842	0.01213131765554684	0.024262635311093683	0.7249031946626744
453:	1.4	3.0	-0.015022834992538056	0.01502283499253803	0.030045669985076087	0.8465833777275614
454:	1.5999999999999999	3.0	-0.017915904007353423	0.01791590400735339	0.03583180801470681	0.9733689808441197
455:	1.7999999999999998	3.0	-0.020810015301156233	0.020810015301156195	0.041620030602312424	1.104733207692054
456:	1.9999999999999998	3.0	-0.02370486035597726	0.023704860355977218	0.04740972071195448	1.2399325553278115
457:	2.1999999999999997	3.0	-0.026600241584049614	0.02660024158404958	0.053200483168099194	1.3782988657657185
458:	2.3999999999999995	3.0	-0.02949602636572077	0.029496026365720893	0.05899205273144166	1.5192905883831997
459:	2.5999999999999996	3.0	-0.03239212251907829	0.0323921225190783	0.06478424503815658	1.6624439744311335
460:	2.8	3.0	-0.03528846394735231	0.035288463947352286	0.0705769278947046	1.8073906881278206
461:	2.9999999999999996	3.0	-0.03818500202292294	0.03818500202292306	0.076370004045846	1.9538340802988674
462:	3.1999999999999993	3.0	-0.041081700174366964	0.041081700174366874	0.08216340034873384	2.1015328039409993
463:	3.3999999999999995	3.0	-0.0439785303685409	0.04397853036854094	0.08795706073708184	2.2502984623435185
464:	3.5999999999999996	3.0	-0.04687547075643773	0.04687547075643766	0.09375094151287539	2.3999705428347595
465:	3.7999999999999994	3.0	-0.04977250405716556	0.04977250405716558	0.09954500811433115	2.550420252068895
466:	3.999999999999999	3.0	-0.05266961642347439	0.0526696164234743	0.10533923284694868	2.701541422195651
467:	4.199999999999999	3.0	-0.055566796629353266	0.05556679662935313	0.11113359325870639	2.853245939587972
468:	4.3999999999999995	3.0	-0.058464035477850854	0.0584640354778509	0.11692807095570176	3.0054509903940305
469:	4.6	3.0	-0.06136132536248833	0.06136132536248827	0.1227226507249766	3.158114155720382
470:	4.799999999999999	3.0	-0.06425865993771109	0.06425865993771107	0.12851731987542214	3.3111725600682087
471:	4.999999999999999	3.0	-0.06715603389524796	0.06715603389524802	0.13431206779049598	3.464581624166423
472:	5.199999999999999	3.0	-0.0700534426578749	0.07005344265787493	0.14010688531574983	3.6183031763312017
473:	5.399999999999999	3.0	-0.07295088240514039	0.0729508824051404	0.14590176481028078	3.7723043556560785
474:	5.599999999999999	3.0	-0.07584834983226367	0.07584834983226378	0.15169669966452745	3.9265548177434106
475:	5.799999999999999	3.0	-0.07874584208829706	0.07874584208829707	0.15749168417659415	4.081034045302784
476:	5.999999999999999	3.0	-0.08164335670080909	0.08164335670080906	0.16328671340161816	4.235718082984908
477:	6.199999999999999	3.0	-0.08454089151508486	0.08454089151508468	0.16908178303016952	4.390588010934201
478:	6.399999999999999	3.0	-0.08743844464468065	0.08743844464468063	0.1748768892893613	4.545627165746776
479:	6.599999999999999	3.0	-0.09033601443093404	0.09033601443093416	0.1806720288618682	4.700820879195554
480:	6.799999999999999	3.0	-0.09323359940959157	0.09323359940959151	0.18646719881918308	4.856167375289394
481:	1.0	3.2	-0.008896182969604626	0.008896182969604654	0.01779236593920928	0.6100893928206085
482:	1.2	3.2	-0.011784067736977395	0.011784067736977346	0.02356813547395474	0.7259674239653283
483:	1.4	3.2	-0.014674735227055338	0.014674735227055277	0.029349470454110613	0.8455456441729248
484:	1.5999999999999999	3.2	-0.0175671612021639	0.01756716120216389	0.03513432240432779	0.9699675978289102
485:	1.7999999999999998	3.2	-0.020460769013144912	0.020460769013144867	0.04092153802628978	1.0990148695430157
486:	1.9999999999999998	3.2	-0.023355209230602594	0.023355209230602626	0.046710418461205216	1.2320229839339298
487:	2.1999999999999997	3.2	-0.026250257745640642	0.026250257745640642	0.052500515491281284	1.3683853023660923
488:	2.3999999999999995	3.2	-0.029145764373985916	0.029145764373985937	0.05829152874797185	1.5075422628491508
489:	2.5999999999999996	3.2	-0.03204162449360287	0.03204162449360287	0.06408324898720574	1.6490446836935304
490:	2.8	3.2	-0.0349377631172372	0.034937763117237175	0.06987552623447438	1.7925023477305442
491:	2.9999999999999996	3.2	-0.037834125063657874	0.03783412506365782	0.07566825012731569	1.937602448575519
492:	3.1999999999999993	3.2	-0.04073066882445121	0.04073066882445124	0.08146133764890245	2.0840896856421685
493:	3.3999999999999995	3.2	-0.043627362576704326	0.04362736257670443	0.08725472515340876	2.2317530257842
494:	3.5999999999999996	3.2	-0.046524181513999445	0.04652418151399946	0.0930483630279989	2.380426944552387
495:	3.7999999999999994	3.2	-0.04942110601381335	0.04942110601381335	0.0988422120276267	2.5299672012354106
496:	3.999999999999999	3.2	-0.05231812035073245	0.05231812035073245	0.1046362407014649	2.680257139022739
497:	4.199999999999999	3.2	-0.0552152117748089	0.05521521177480884	0.11043042354961774	2.8311995387616378
498:	4.3999999999999995	3.2	-0.05811236983964252	0.05811236983964269	0.1162247396792852	2.9827128950168684
499:	4.6	3.2	-0.06100958590466303	0.0610095859046631	0.12201917180932613	3.134728469547748
500:	4.799999999999999	3.2	-0.06390685276110662	0.06390685276110673	0.12781370552221336	3.287178769469004
501:	4.999999999999999	3.2	-0.0668041643472521	0.06680416434725213	0.13360832869450423	3.4400334563848673
502:	5.199999999999999	3.2	-0.06970151552901581	0.06970151552901578	0.1394030310580316	3.593239513335385
503:	5.399999999999999	3.2	-0.07259890195664533	0.07259890195664516	0.14519780391329049	3.7467601940828312
504:	5.599999999999999	3.2	-0.07549631981604148	0.07549631981604162	0.1509926396320831	3.9005636655206466
505:	5.799999999999999	3.2	-0.07839376589969409	0.07839376589969396	0.15678753179938804	4.054622222951174
506:	5.999999999999999	3.2	-0.08129123739787313	0.08129123739787308	0.16258247479574622	4.208909665426333
507:	6.199999999999999	3.2	-0.08418873186180874	0.0841887318618083	0.16837746372361703	4.363409073168195
508:	6.399999999999999	3.2	-0.08708624714752987	0.08708624714752965	0.17417249429505952	4.518099288517091
509:	6.599999999999999	3.2	-0.08998378136987513	0.08998378136987546	0.1799675627397506	4.672963754709957
510:	6.799999999999999	3.2	-0.09288133286458425	0.09288133286458444	0.1857626657291687	4.827987773133037
511:	1.0	3.4000000000000004	-0.008550558793210683	0.00855055879321069	0.017101117586421372	0.6119924355166776
512:	1.2	3.4000000000000004	-0.01143719881215296	0.0114371988121529	0.02287439762430586	0.7275999038602559
513:	1.4	3.4000000000000004	-0.014326965464936529	0.01432696546493654	0.02865393092987307	0.8454603486783175
514:	1.5999999999999999	3.4000000000000004	-0.017218709406716194	0.01721870940671614	0.03443741881343233	0.967758684867354
515:	1.7999999999999998	3.4000000000000004	-0.02011178295594554	0.020111782955945467	0.04022356591189101	1.0945460736200894
516:	1.9999999999999998	3.4000000000000004	-0.02300579338258992	0.023005793382589915	0.046011586765179836	1.2254243694023037
517:	2.1999999999999997	3.4000000000000004	-0.025900488723324195	0.02590048872332414	0.051800977446648334	1.359785939638812
518:	2.3999999999999995	3.4000000000000004	-0.028795699872724657	0.02879569987272457	0.05759139974544923	1.4971126165221569
519:	2.5999999999999996	3.4000000000000004	-0.03169130925985947	0.03169130925985933	0.0633826185197188	1.6369321957529308
520:	2.8	3.4000000000000004	-0.03458723241366655	0.03458723241366659	0.06917446482733314	1.77886768614602
521:	2.9999999999999996	3.4000000000000004	-0.03748340720512779	0.037483407205127696	0.07496681441025549	1.9225864344453676
522:	3.1999999999999993	3.4000000000000004	-0.0403797868902311	0.040379786890231105	0.0807595737804622	2.067819636001926
523:	3.3999999999999995	3.4000000000000004	-0.0432763356259795	0.043276335625979476	0.08655267125195898	2.2143452909855386
524:	3.5999999999999996	3.4000000000000004	-0.046173025468075383	0.046173025468075196	0.09234605093615059	2.361977185887577
525:	3.7999999999999994	3.4000000000000004	-0.049069834308960406	0.04906983430896049	0.0981396686179209	2.510568975073622
526:	3.999999999999999	3.4000000000000004	-0.05196674442967558	0.05196674442967564	0.10393348885935122	2.659990234896604
527:	4.199999999999999	3.4000000000000004	-0.054863741462454006	0.054863741462454055	0.10972748292490805	2.810134830224312
528:	4.3999999999999995	3.4000000000000004	-0.05776081363428331	0.057760813634283203	0.11552162726856652	2.96091344264293
529:	4.6	3.4000000000000004	-0.06065795120649713	0.06065795120649693	0.12131590241299406	3.1122505077547613
530:	4.799999999999999	3.4000000000000004	-0.06355514605358525	0.06355514605358537	0.12711029210717062	3.264081759000697
531:	4.999999999999999	3.4000000000000004	-0.06645239134248222	0.06645239134248224	0.13290478268496447	3.416352254534162
532:	5.199999999999999	3.4000000000000004	-0.06934968128543613	0.06934968128543607	0.1386993625708722	3.56900556458368
533:	5.399999999999999	3.4000000000000004	-0.07224701094749417	0.07224701094749389	0.14449402189498806	3.722020338515439
534:	5.599999999999999	3.4000000000000004	-0.07514437609501864	0.07514437609501846	0.15028875219003712	3.875350910282035
535:	5.799999999999999	3.4000000000000004	-0.07804177310342869	0.0780417731034288	0.1560835462068575	4.02896649627587
536:	5.999999999999999	3.4000000000000004	-0.08093919874501965	0.0809391987450198	0.16187839749003946	4.182840160050016
537:	6.199999999999999	3.4000000000000004	-0.08383665029093579	0.08383665029093589	0.1676733005818717	4.336948236440982
538:	6.399999999999999	3.4000000000000004	-0.08673412532352669	0.08673412532352678	0.17346825064705346	4.4912698545012555
539:	6.599999999999999	3.4000000000000004	-0.08963162171691055	0.08963162171691035	0.17926324343382088	4.645784848778516
540:	6.799999999999999	3.4000000000000004	-0.09252913759425041	0.0925291375942503	0.1850582751885007	4.800480494049273
541:	1.0	3.6	-0.008205382550291152	0.008205382550291173	0.016410765100582324	0.6133919786862958
542:	1.2	3.6	-0.011090709105772303	0.011090709105772228	0.022181418211544533	0.7295892188996264
543:	1.4	3.6	-0.013979524414331077	0.013979524414331028	0.027959048828662104	0.846153718254061
544:	1.5999999999999999	3.6	-0.016870547634483243	0.016870547634483247	0.03374109526896649	0.9665247133765422
545:	1.7999999999999998	3.6	-0.019763056352434378	0.019763056352434347	0.03952611270486872	1.0912516105465098
546:	1.9999999999999998	3.6	-0.022656612231210654	0.02265661223121062	0.045313224462421274	1.2200269651010083
547:	2.1999999999999997	3.6	-0.025550933900379564	0.025550933900379557	0.05110186780075912	1.3524282823669986
548:	2.3999999999999995	3.6	-0.028445832427172774	0.02844583242717274	0.05689166485434551	1.4879190664004722
549:	2.5999999999999996	3.6	-0.031341176448344596	0.03134117644834454	0.06268235289668914	1.6260567824098062
550:	2.8	3.6	-0.03423687151872439	0.03423687151872436	0.06847374303744874	1.7664391398437385
551:	2.9999999999999996	3.6	-0.03713284817090289	0.03713284817090287	0.07426569634180577	1.9087463379454737
552:	3.1999999999999993	3.6	-0.0400290541291379	0.04002905412913787	0.08005810825827578	2.0526915158052494
553:	3.3999999999999995	3.6	-0.04292544930179454	0.04292544930179455	0.08585089860358909	2.1980413017015157
554:	3.5999999999999996	3.6	-0.045822002427507676	0.045822002427507565	0.09164400485501524	2.344600896328985
555:	3.7999999999999994	3.6	-0.048718688771228584	0.04871868877122874	0.09743737754245732	2.492207475259372
556:	3.999999999999999	3.6	-0.051615488505785685	0.05161548850578566	0.10323097701157134	2.640722495193811
557:	4.199999999999999	3.6	-0.054512385552258714	0.05451238555225864	0.10902477110451736	2.790035809610802
558:	4.3999999999999995	3.6	-0.05740936673428538	0.05740936673428532	0.1148187334685707	2.9400476427888105
559:	4.6	3.6	-0.060306421151431255	0.06030642115143117	0.12061284230286243	3.090675679486037
560:	4.799999999999999	3.6	-0.06320353970816925	0.06320353970816912	0.12640707941633839	3.2418497066296545
561:	4.999999999999999	3.6	-0.06610071475517904	0.06610071475517913	0.13220142951035818	3.3935095507978192
562:	5.199999999999999	3.6	-0.06899793981291576	0.06899793981291577	0.13799587962583154	3.5456034020867406
563:	5.399999999999999	3.6	-0.07189520935624509	0.07189520935624497	0.14379041871249004	3.698086448663272
564:	5.599999999999999	3.6	-0.07479251864496757	0.07479251864496761	0.14958503728993516	3.8509145378180754
565:	5.799999999999999	3.6	-0.07768986358921466	0.07768986358921456	0.15537972717842924	4.004060987673959
566:	5.999999999999999	3.6	-0.08058724064162456	0.08058724064162445	0.16117448128324902	4.157497948998402
567:	6.199999999999999	3.6	-0.08348464671028101	0.08348464671028104	0.16696929342056205	4.311195204850361
568:	6.399999999999999	3.6	-0.08638207911295728	0.08638207911295738	0.17276415822591468	4.465129676740926
569:	6.599999999999999	3.6	-0.08927953541589408	0.08927953541589376	0.17855907083178785	4.619280921334578
570:	6.799999999999999	3.6	-0.0921770135457028	0.0921770135457028	0.1843540270914056	4.773630768379816
571:	1.0	3.8000000000000003	-0.007860651750775426	0.007860651750775431	0.015721303501550855	0.613978363631292
572:	1.2	3.8000000000000003	-0.010744596868830815	0.01074459686883077	0.021489193737661585	0.7316926456547337
573:	1.4	3.8000000000000003	-0.013632410782677714	0.013632410782677696	0.02726482156535541	0.8474406096297942
574:	1.5999999999999999	3.8000000000000003	-0.016522674897647447	0.016522674897647447	0.033045349795294894	0.9661621625311351
575:	1.7999999999999998	3.8000000000000003	-0.019414588424273328	0.019414588424273294	0.03882917684854662	1.0889499719884181
576:	1.9999999999999998	3.8000000000000003	-0.02230766514779098	0.022307665147790985	0.04461533029558197	1.2157373731510561
577:	2.1999999999999997	3.8000000000000003	-0.025201592801241866	0.025201592801241898	0.05040318560248376	1.3462207858831499
578:	2.3999999999999995	3.8000000000000003	-0.02809616168050388	0.028096161680503887	0.05619232336100777	1.4798974504223485
579:	2.5999999999999996	3.8000000000000003	-0.030991225688868494	0.03099122568886846	0.061982451377736954	1.6163467327599101
580:	2.8	3.8000000000000003	-0.033886680113954896	0.033886680113954945	0.06777336022790983	1.755175059967881
581:	2.9999999999999996	3.8000000000000003	-0.03678244768412111	0.036782447684121145	0.07356489536824226	1.8960409693728344
582:	3.1999999999999993	3.8000000000000003	-0.039678470298251035	0.039678470298250994	0.07935694059650203	2.038670570500507
583:	3.3999999999999995	3.8000000000000003	-0.04257470338928858	0.04257470338928855	0.08514940677857713	2.1828139666090838
584:	3.5999999999999996	3.8000000000000003	-0.04547111220089695	0.04547111220089698	0.09094222440179393	2.328266705886673
585:	3.7999999999999994	3.8000000000000003	-0.04836766922903591	0.04836766922903582	0.09673533845807172	2.4748565016724724
586:	3.999999999999999	3.8000000000000003	-0.051264352424370656	0.05126435242437069	0.10252870484874135	2.6224379649096945
587:	4.199999999999999	3.8000000000000003	-0.05416114390404441	0.05416114390404438	0.1083222878080888	2.7708858430428003
588:	4.3999999999999995	3.8000000000000003	-0.057058029012032004	0.05705802901203195	0.11411605802406395	2.920100799483156
589:	4.6	3.8000000000000003	-0.059954995622794514	0.059954995622794445	0.11990999124558896	3.0699909011989943
590:	4.799999999999999	3.8000000000000003	-0.06285203361778235	0.06285203361778242	0.12570406723556476	3.220480064552906
591:	4.999999999999999	3.8000000000000003	-0.065749134486725	0.06574913448672504	0.13149826897345002	3.3715029069216294
592:	5.199999999999999	3.8000000000000003	-0.06864629102033058	0.06864629102033055	0.13729258204066114	3.5230030028871533
593:	5.399999999999999	3.8000000000000003	-0.071543497070849	0.07154349707084906	0.14308699414169807	3.674931452192653
594:	5.599999999999999	3.8000000000000003	-0.07444074736363483	0.0744407473636348	0.14888149472726964	3.827245701460832
595:	5.799999999999999	3.8000000000000003	-0.0773380373474717	0.07733803734747166	0.15467607469494338	3.979902582056272
596:	5.999999999999999	3.8000000000000003	-0.08023536307466493	0.08023536307466489	0.16047072614932983	4.132882291047227
597:	6.199999999999999	3.8000000000000003	-0.08313272110421747	0.08313272110421742	0.1662654422084349	4.286145113327239
598:	6.399999999999999	3.8000000000000003	-0.08603010842306484	0.08603010842306495	0.1720602168461298	4.439674007503161
599:	6.599999999999999	3.8000000000000003	-0.08892752238156211	0.08892752238156203	0.17785504476312414	4.593442275493989
600:	6.799999999999999	3.8000000000000003	-0.09182496066604627	0.09182496066604606	0.18364992133209235	4.7474299303779
