0.000000	3.75436601
0.200000	3.63218240
0.400000	3.59722682
0.600000	3.56241199
0.800000	3.52773387
1.000000	3.49319587
1.200000	3.45879189
1.400000	3.42452747
1.600000	3.39039887
1.800000	3.35640416
2.000000	3.32254485
2.200000	3.35637456
2.400000	3.32098264
2.600000	3.28573327
2.800000	3.25063234
3.000000	3.21566485
3.200000	3.12213199
3.400000	3.08917577
3.600000	3.05635273
3.800000	3.02365522
4.000000	2.99108122
4.200000	2.95862778
4.400000	3.03808583
4.600000	3.00238628
4.800000	2.96683254
