0.000000	3.72218460
0.200000	3.68936773
0.400000	3.65666548
0.600000	3.62411590
0.800000	3.59166864
1.000000	3.55933912
1.200000	3.52712594
1.400000	3.49502608
1.600000	3.46303736
1.800000	3.43115732
2.000000	3.39938528
2.200000	3.36770609
2.400000	3.33614988
2.600000	3.30465598
2.800000	3.27327135
3.000000	3.24200715
3.200000	3.21078212
3.400000	3.17965609
3.600000	3.14858446
3.800000	3.11760038
4.000000	3.08667886
4.200000	3.05583954
4.400000	3.02502461
4.600000	2.99425970
4.800000	2.96350337
