0.000000	3.44728243
0.200000	3.41314769
0.400000	3.37880688
0.600000	3.34427851
0.800000	3.30958193
1.000000	3.27472570
1.200000	3.23972194
1.400000	3.20457221
1.600000	3.16928774
1.800000	3.13388006
2.000000	3.09834560
2.200000	3.06268421
2.400000	3.02689776
2.600000	2.99098366
2.800000	2.95494282
3.000000	2.91877129
3.200000	2.88246722
3.400000	2.84602751
3.600000	2.80945045
3.800000	2.77272751
4.000000	2.73585608
4.200000	2.69882871
4.400000	2.66164450
4.600000	2.62429470
4.800000	2.58677291
