0.000000	2.99660987
0.200000	2.96282280
0.400000	2.92780628
0.600000	2.89153745
0.800000	2.85398328
1.000000	2.81512273
1.200000	2.77493421
1.400000	2.73341533
1.600000	2.69056378
1.800000	2.64638766
2.000000	2.60090013
2.200000	2.55412321
2.400000	2.50608350
2.600000	2.45681282
2.800000	2.40634702
3.000000	2.35472386
3.200000	2.30198650
3.400000	2.24817484
3.600000	2.19333225
3.800000	2.13750272
4.000000	2.08072909
4.200000	2.02305385
4.400000	1.96451907
4.600000	1.90516674
4.800000	1.84503667
