1:	0.0	1.0	-0.016140881454769048	0.016140881454769083	0.03228176290953813	0.8784314297381469
2:	0.0	1.2	-0.01936905774572289	0.01936905774572295	0.038738115491445846	1.0541177156857764
3:	0.0	1.4	-0.02259723403667676	0.0225972340366767	0.045194468073353464	1.2298040016334046
4:	0.0	1.5999999999999999	-0.025825410327630506	0.025825410327630565	0.05165082065526107	1.4054902875810371
5:	0.0	1.7999999999999998	-0.029053586618584315	0.02905358661858437	0.058107173237168686	1.581176573528662
6:	0.0	1.9999999999999998	-0.032281762909538186	0.03228176290953818	0.06456352581907637	1.7568628594762894
7:	0.0	2.1999999999999997	-0.03550993920049191	0.03550993920049194	0.07101987840098385	1.9325491454239216
8:	0.0	2.3999999999999995	-0.03873811549144568	0.03873811549144575	0.07747623098289143	2.1082354313715514
9:	0.0	2.5999999999999996	-0.04196629178239958	0.0419662917823997	0.08393258356479928	2.28392171731918
10:	0.0	2.8	-0.04519446807335352	0.0451944680733534	0.09038893614670693	2.4596080032668093
11:	0.0	2.9999999999999996	-0.04842264436430722	0.04842264436430729	0.0968452887286145	2.6352942892144386
12:	0.0	3.1999999999999993	-0.051650820655261	0.05165082065526111	0.10330164131052211	2.810980575162068
13:	0.0	3.3999999999999995	-0.05487899694621473	0.05487899694621479	0.10975799389242952	2.9866668611097023
14:	0.0	3.5999999999999996	-0.05810717323716863	0.05810717323716874	0.11621434647433737	3.162353147057324
15:	0.0	3.7999999999999994	-0.06133534952812261	0.061335349528122356	0.12267069905624498	3.338039433004963
16:	0.0	3.999999999999999	-0.06456352581907637	0.06456352581907636	0.12912705163815275	3.51372571895258
17:	0.0	4.199999999999999	-0.06779170211003009	0.06779170211003017	0.13558340422006027	3.689412004900213
18:	0.0	4.3999999999999995	-0.07101987840098382	0.07101987840098388	0.1420397568019677	3.8650982908478433
19:	0.0	4.6	-0.07424805469193788	0.07424805469193775	0.14849610938387564	4.040784576795476
20:	0.0	4.799999999999999	-0.07747623098289136	0.0774762309828915	0.15495246196578286	4.216470862743103
21:	0.0	4.999999999999999	-0.08070440727384531	0.08070440727384534	0.16140881454769065	4.3921571486907345
22:	0.0	5.199999999999999	-0.08393258356479916	0.0839325835647994	0.16786516712959856	4.56784343463836
23:	0.0	5.399999999999999	-0.08716075985575292	0.08716075985575288	0.17432151971150578	4.743529720585992
24:	0.0	5.599999999999999	-0.09038893614670672	0.09038893614670691	0.18077787229341363	4.919216006533624
25:	0.0	5.799999999999999	-0.09361711243766054	0.09361711243766044	0.187234224875321	5.094902292481247
26:	0.0	5.999999999999999	-0.09684528872861443	0.09684528872861459	0.193690577457229	5.270588578428881
27:	0.0	6.199999999999999	-0.10007346501956808	0.10007346501956836	0.20014693003913644	5.446274864376507
28:	0.0	6.399999999999999	-0.103301641310522	0.10330164131052222	0.20660328262104422	5.62196115032413
29:	0.0	6.599999999999999	-0.10652981760147584	0.1065298176014758	0.21305963520295162	5.79764743627177
30:	0.0	6.799999999999999	-0.10975799389242946	0.10975799389242959	0.21951598778485903	5.9733337222194045
31:	0.2	1.0	-0.014583136493840018	0.01458313649384005	0.02916627298768007	0.7418506222682335
32:	0.2	1.2	-0.017810560345076932	0.01781056034507688	0.035621120690153815	0.9117829814992234
33:	0.2	1.4	-0.021038200133037303	0.021038200133037286	0.04207640026607459	1.0832651440718606
34:	0.2	1.5999999999999999	-0.02426597456315703	0.02426597456315703	0.04853194912631406	1.255751877077958
35:	0.2	1.7999999999999998	-0.02749383859942897	0.02749383859942891	0.05498767719885788	1.4289126658279323
36:	0.2	1.9999999999999998	-0.030721765276904407	0.030721765276904452	0.061443530553808856	1.6025532408662095
37:	0.2	2.1999999999999997	-0.0339497374638765	0.03394973746387647	0.06789947492775297	1.7765478487886333
38:	0.2	2.3999999999999995	-0.03717774375395704	0.037177743753957014	0.07435548750791406	1.9508100172085376
39:	0.2	2.5999999999999996	-0.04040577625874053	0.04040577625874057	0.0808115525174811	2.12528308676935
40:	0.2	2.8	-0.0436338293485945	0.04363382934859453	0.08726765869718903	2.299922046306281
41:	0.2	2.9999999999999996	-0.04686189889818442	0.04686189889818448	0.0937237977963689	2.474694911873726
42:	0.2	3.1999999999999993	-0.050089981815475	0.05008998181547483	0.10017996363094983	2.6495774525573146
43:	0.2	3.3999999999999995	-0.053318075737271	0.053318075737270924	0.10663615147454192	2.8245509689858843
44:	0.2	3.5999999999999996	-0.05654617882641738	0.0565461788264174	0.11309235765283479	2.999600796034736
45:	0.2	3.7999999999999994	-0.0597742896331452	0.059774289633145364	0.11954857926629056	3.174715267957252
46:	0.2	3.999999999999999	-0.0630024069980779	0.0630024069980778	0.1260048139961557	3.34988498717721
47:	0.2	4.199999999999999	-0.06623052998298934	0.06623052998298953	0.13246105996597887	3.5251022974547985
48:	0.2	4.3999999999999995	-0.06945865782047513	0.06945865782047518	0.1389173156409503	3.700360897639864
49:	0.2	4.6	-0.07268678987676591	0.07268678987676562	0.14537357975353155	3.875655554039253
50:	0.2	4.799999999999999	-0.07591492562385344	0.07591492562385355	0.15182985124770698	4.050981883180122
51:	0.2	4.999999999999999	-0.07914306461831261	0.07914306461831236	0.15828612923662497	4.226336185628624
52:	0.2	5.199999999999999	-0.08237120648501575	0.08237120648501561	0.16474241297003137	4.401715317374092
53:	0.2	5.399999999999999	-0.08559935090447172	0.08559935090447203	0.17119870180894375	4.577116589219334
54:	0.2	5.599999999999999	-0.08882749760288033	0.08882749760288024	0.17765499520576056	4.752537687302729
55:	0.2	5.799999999999999	-0.09205564634424435	0.09205564634424479	0.18411129268848914	4.927976609743561
56:	0.2	5.999999999999999	-0.0952837969240667	0.09528379692406655	0.19056759384813327	5.103431615715072
57:	0.2	6.199999999999999	-0.09851194915411295	0.0985119491541128	0.19702389830822575	5.278901184188544
58:	0.2	6.399999999999999	-0.10174010289979815	0.10174010289979764	0.2034802057995958	5.45438398026933
59:	0.2	6.599999999999999	-0.10496825801303755	0.10496825801303794	0.2099365160260755	5.629878827541905
60:	0.2	6.799999999999999	-0.10819641437306717	0.1081964143730674	0.21639282874613458	5.8053846852077164
61:	0.4	1.0	-0.013034488360728078	0.013034488360728071	0.02606897672145615	0.6701726815681006
62:	0.4	1.2	-0.016259619204214686	0.016259619204214724	0.03251923840842941	0.8248516485014467
63:	0.4	1.4	-0.019485628328152628	0.019485628328152604	0.03897125665630523	0.9851756556157166
64:	0.4	1.5999999999999999	-0.02271218361397925	0.022712183613979274	0.04542436722795852	1.1491258195598728
65:	0.4	1.7999999999999998	-0.025939101675031693	0.02593910167503164	0.05187820335006334	1.3155249556603574
66:	0.4	1.9999999999999998	-0.02916627298768008	0.029166272987680125	0.05833254597536021	1.483683828913386
67:	0.4	2.1999999999999997	-0.032393628046942964	0.03239362804694288	0.06478725609388584	1.6531310747445223
68:	0.4	2.3999999999999995	-0.03562112069015379	0.03562112069015382	0.0712422413803076	1.8235656550527481
69:	0.4	2.5999999999999996	-0.03884871901232745	0.038848719012327323	0.07769743802465477	1.9947519570879044
70:	0.4	2.8	-0.04207640026607461	0.04207640026607457	0.08415280053214919	2.166544732303915
71:	0.4	2.9999999999999996	-0.04530414779579833	0.04530414779579811	0.09060829559159644	2.33882762575254
72:	0.4	3.1999999999999993	-0.04853194912631399	0.048531949126314075	0.09706389825262807	2.511512523674459
73:	0.4	3.3999999999999995	-0.051759794728672294	0.05175979472867226	0.10351958945734455	2.6845314207887663
74:	0.4	3.5999999999999996	-0.05498767719885794	0.05498767719885782	0.10997535439771576	2.857824925786141
75:	0.4	3.7999999999999994	-0.058215590696727965	0.05821559069672793	0.1164311813934559	3.031363726094577
76:	0.4	3.999999999999999	-0.061443530553808814	0.061443530553808905	0.12288706110761771	3.2051061883074543
77:	0.4	4.199999999999999	-0.06467149299349038	0.06467149299349052	0.1293429859869809	3.3790246854689454
78:	0.4	4.3999999999999995	-0.067899474927753	0.06789947492775295	0.13579894985550595	3.553095697641519
79:	0.4	4.6	-0.07112747380706654	0.07112747380706658	0.1422549476141331	3.727300397537434
80:	0.4	4.799999999999999	-0.07435548750791408	0.07435548750791403	0.1487109750158281	3.90162274461995
81:	0.4	4.999999999999999	-0.07758351424737715	0.07758351424737726	0.15516702849475442	4.076049179370708
82:	0.4	5.199999999999999	-0.08081155251748107	0.08081155251748114	0.1616231050349622	4.250568159342416
83:	0.4	5.399999999999999	-0.08403960103416025	0.08403960103416032	0.16807920206832055	4.42516979595114
84:	0.4	5.599999999999999	-0.08726765869718901	0.08726765869718915	0.17453531739437816	4.599845567301954
85:	0.4	5.799999999999999	-0.09049572455841648	0.09049572455841642	0.1809914491168329	4.774588089049435
86:	0.4	5.999999999999999	-0.09372379779636884	0.09372379779636895	0.1874475955927378	4.949390930016325
87:	0.4	6.199999999999999	-0.09695187769577683	0.0969518776957766	0.1939037553915534	5.124248462663565
88:	0.4	6.399999999999999	-0.10017996363095	0.10017996363094966	0.20035992726189966	5.299155740939666
89:	0.4	6.599999999999999	-0.10340805505217894	0.10340805505217884	0.2068161101043578	5.474108399818721
90:	0.4	6.799999999999999	-0.106636151474542	0.10663615147454185	0.21327230294908384	5.649102572151613
91:	0.6000000000000001	1.0	-0.011495121371954166	0.011495121371954164	0.022990242743908332	0.6557075430979757
92:	0.6000000000000001	1.2	-0.014716358907815665	0.014716358907815592	0.029432717815631258	0.7875243686134331
93:	0.6000000000000001	1.4	-0.017939608415983868	0.017939608415983858	0.03587921683196772	0.9306899302763059
94:	0.6000000000000001	1.5999999999999999	-0.02116410525360077	0.0211641052536008	0.04232821050720157	1.0813812549796604
95:	0.6000000000000001	1.7999999999999998	-0.024389428806322135	0.024389428806322083	0.04877885761264422	1.237277224851789
96:	0.6000000000000001	1.9999999999999998	-0.027615328516107495	0.027615328516107516	0.05523065703221501	1.3968872454990189
97:	0.6000000000000001	2.1999999999999997	-0.03084164580820533	0.030841645808205233	0.06168329161641056	1.5592450390742933
98:	0.6000000000000001	2.3999999999999995	-0.03406827542096885	0.03406827542096888	0.06813655084193773	1.7236887293106977
99:	0.6000000000000001	2.5999999999999996	-0.03729514473441171	0.037295144734411596	0.0745902894688233	1.8897624732549998
100:	0.6000000000000001	2.8	-0.04052220202604673	0.04052220202604662	0.08104440405209334	2.057126993275876
101:	0.6000000000000001	2.9999999999999996	-0.04374940945750275	0.04374940945750278	0.08749881891500552	2.225525743363185
102:	0.6000000000000001	3.1999999999999993	-0.04697673870828882	0.04697673870828876	0.09395347741657759	2.394790361879526
103:	0.6000000000000001	3.3999999999999995	-0.05020416817422473	0.050204168174224795	0.10040833634844953	2.5647649364266147
104:	0.6000000000000001	3.5999999999999996	-0.05343168103523069	0.053431681035230626	0.10686336207046132	2.7353361123871895
105:	0.6000000000000001	3.7999999999999994	-0.05665926407331429	0.056659264073314605	0.1133185281466289	2.9064136901474877
106:	0.6000000000000001	3.999999999999999	-0.05988690671213882	0.05988690671213886	0.11977381342427768	3.077924963744244
107:	0.6000000000000001	4.199999999999999	-0.06311460039911194	0.06311460039911204	0.12622920079822397	3.2498170984550523
108:	0.6000000000000001	4.3999999999999995	-0.06634233814341206	0.06634233814341212	0.13268467628682418	3.4220271810627914
109:	0.6000000000000001	4.6	-0.06957011417504243	0.06957011417504241	0.13914022835008483	3.5945224527943918
110:	0.6000000000000001	4.799999999999999	-0.0727979236894709	0.07279792368947098	0.14559584737894188	3.7672687855113254
111:	0.6000000000000001	4.999999999999999	-0.07602576265379683	0.07602576265379664	0.15205152530759347	3.9402373383402094
112:	0.6000000000000001	5.199999999999999	-0.07925362765781278	0.07925362765781281	0.1585072553156256	4.113403564669668
113:	0.6000000000000001	5.399999999999999	-0.08248151579828704	0.08248151579828672	0.16496303159657377	4.286746436014537
114:	0.6000000000000001	5.599999999999999	-0.0857094245881214	0.08570942458812156	0.17141884917624295	4.460247829225738
115:	0.6000000000000001	5.799999999999999	-0.08893735188437327	0.08893735188437309	0.17787470376874637	4.633892038143977
116:	0.6000000000000001	5.999999999999999	-0.0921652958307131	0.09216529583071323	0.18433059166142635	4.8076653810632815
117:	0.6000000000000001	6.199999999999999	-0.09539325481105794	0.09539325481105784	0.1907865096221158	4.9815504901278835
118:	0.6000000000000001	6.399999999999999	-0.09862122741192111	0.09862122741192106	0.19724245482384217	5.155548228225339
119:	0.6000000000000001	6.599999999999999	-0.10184921239162954	0.10184921239162958	0.2036984247832591	5.329643218067019
120:	0.6000000000000001	6.799999999999999	-0.10507720865498722	0.10507720865498713	0.21015441730997436	5.503827234860421
121:	0.8	1.0	-0.009965240853590282	0.009965240853590294	0.019930481707180578	0.689102814759095
122:	0.8	1.2	-0.013180915586170926	0.013180915586170915	0.02636183117234184	0.7945373408282163
123:	0.8	1.4	-0.01640023724671881	0.016400237246718855	0.03280047449343766	0.9164062522605553
124:	0.8	1.5999999999999999	-0.01962181187708747	0.019621811877087468	0.039243623754174936	1.0500324914826826
125:	0.8	1.7999999999999998	-0.022844876141274152	0.022844876141274204	0.04568975228254836	1.1920981219071995
126:	0.8	1.9999999999999998	-0.026068976721456128	0.026068976721456083	0.05213795344291221	1.3403610929837433
127:	0.8	2.1999999999999997	-0.029293827370105684	0.029293827370105694	0.05858765474021138	1.4932501435351133
128:	0.8	2.3999999999999995	-0.0325192384084294	0.03251923840842931	0.0650384768168587	1.6497029663499447
129:	0.8	2.5999999999999996	-0.0357450791595479	0.035745079159548075	0.07149015831909597	1.808928584555273
130:	0.8	2.8	-0.038971256656305256	0.03897125665630521	0.07794251331261046	1.9703607490921675
131:	0.8	2.9999999999999996	-0.04219770295105109	0.04219770295105105	0.08439540590210214	2.1335755997927652
132:	0.8	3.1999999999999993	-0.04542436722795856	0.04542436722795851	0.09084873445591707	2.2982558438396983
133:	0.8	3.3999999999999995	-0.0486512107228937	0.04865121072289357	0.09730242144578727	2.4641489246896127
134:	0.8	3.5999999999999996	-0.051878203350063386	0.05187820335006328	0.10375640670012667	2.6310673929242583
135:	0.8	3.7999999999999994	-0.055105321401821505	0.05510532140182167	0.11021064280364318	2.7988523682835598
136:	0.8	3.999999999999999	-0.05833254594333708	0.0583325459433369	0.11666509188667398	2.9673792008777915
137:	0.8	4.199999999999999	-0.06155986166893681	0.061559861668936885	0.12311972333787369	3.13654629470965
138:	0.8	4.3999999999999995	-0.06478725607229582	0.06478725607229585	0.12957451214459167	3.306262149481644
139:	0.8	4.6	-0.06801471883437352	0.06801471883437359	0.1360294376687471	3.4764742237854427
140:	0.8	4.799999999999999	-0.07124224138030757	0.07124224138030764	0.1424844827606152	3.6471148165148577
141:	0.8	4.999999999999999	-0.07446981646912433	0.07446981646912429	0.14893963293824863	3.818134737105697
142:	0.8	5.199999999999999	-0.0776974380246549	0.07769743802465465	0.15539487604930954	3.989492127330637
143:	0.8	5.399999999999999	-0.08092510085987674	0.08092510085987678	0.1618502017197535	4.161151134629513
144:	0.8	5.599999999999999	-0.08415280053214941	0.08415280053214937	0.16830560106429876	4.3330808645904435
145:	0.8	5.799999999999999	-0.08738053321429774	0.08738053321429783	0.17476106642859557	4.505261943635909
146:	0.8	5.999999999999999	-0.09060829559159667	0.09060829559159622	0.1812165911831929	4.677655251504037
147:	0.8	6.199999999999999	-0.09383608477877081	0.09383608477877058	0.1876721695575414	4.850248943251602
148:	0.8	6.399999999999999	-0.09706389825262798	0.09706389825262815	0.19412779650525613	5.0230250473482085
149:	0.8	6.599999999999999	-0.10029173379698374	0.10029173379698379	0.20058346759396753	5.1959676997773
150:	0.8	6.799999999999999	-0.10351958945734459	0.10351958945734452	0.2070391789146891	5.369062841577042
151:	1.0	1.0	-0.008445076086259207	0.008445076086259232	0.01689015217251844	0.7474267199971669
152:	1.0	1.2	-0.011653438530720771	0.011653438530720733	0.023306877061441505	0.8380230353205029
153:	1.0	1.4	-0.014867619398604783	0.014867619398604811	0.029735238797209594	0.9376556199389889
154:	1.0	1.5999999999999999	-0.01808538087988595	0.018085380879885957	0.03617076175977191	1.0520103491503308
155:	1.0	1.7999999999999998	-0.02130550325169344	0.021305503251693454	0.042611006503386895	1.1778930005857953
156:	1.0	1.9999999999999998	-0.024527264846359365	0.024527264846359396	0.04905452969271876	1.3125366145389528
157:	1.0	2.1999999999999997	-0.027750211119973445	0.02775021111997346	0.0555004222399469	1.4539167392499068
158:	1.0	2.3999999999999995	-0.030974041454601826	0.030974041454601843	0.06194808290920367	1.6005314563513053
159:	1.0	2.5999999999999996	-0.034198549064342505	0.03419854906434254	0.06839709812868505	1.7512921843319047
160:	1.0	2.8	-0.03742358701099131	0.03742358701099136	0.07484717402198268	1.9053685266593132
161:	1.0	2.9999999999999996	-0.040649048010536676	0.04064904801053683	0.0812980960210735	2.0621287078522346
162:	1.0	3.1999999999999993	-0.043874851897022484	0.04387485189702239	0.08774970379404487	2.221114029806602
163:	1.0	3.3999999999999995	-0.04710093756118678	0.04710093756118694	0.09420187512237371	2.3819409571643964
164:	1.0	3.5999999999999996	-0.05032725760412761	0.05032725760412748	0.10065451520825508	2.5443164010843837
165:	1.0	3.7999999999999994	-0.0535537746956359	0.05355377469563594	0.10710754939127184	2.7080063966024603
166:	1.0	3.999999999999999	-0.056780459034948334	0.0567804590349484	0.11356091806989674	2.872822026422071
167:	1.0	4.199999999999999	-0.06000728654319061	0.06000728654319077	0.12001457308638139	3.0386069464970165
168:	1.0	4.3999999999999995	-0.06323423755277281	0.06323423755277288	0.1264684751055457	3.205235155648432
169:	1.0	4.6	-0.06646129584128803	0.06646129584128804	0.13292259168257609	3.3726062123972023
170:	1.0	4.799999999999999	-0.06968844790869466	0.06968844790869438	0.13937689581738905	3.5406274149878327
171:	1.0	4.999999999999999	-0.0729156824291711	0.07291568242917114	0.14583136485834225	3.709224001094064
172:	1.0	5.199999999999999	-0.07614298983030394	0.0761429898303042	0.15228597966060814	3.8783323689502947
173:	1.0	5.399999999999999	-0.07937036196637645	0.07937036196637667	0.15874072393275312	4.04789806062435
174:	1.0	5.599999999999999	-0.0825977918620937	0.08259779186209369	0.1651955837241874	4.217874166424867
175:	1.0	5.799999999999999	-0.08582527350963644	0.0858252735096368	0.17165054701927324	4.388212191191389
176:	1.0	5.999999999999999	-0.08905280170653365	0.08905280170653354	0.1781056034130672	4.558893520642567
177:	1.0	6.199999999999999	-0.09228037192507778	0.09228037192507774	0.18456074385015553	4.7298781373878835
178:	1.0	6.399999999999999	-0.09550798022081473	0.09550798022081464	0.19101596044162938	4.9011388633154365
179:	1.0	6.599999999999999	-0.0987356230863992	0.09873562308639912	0.19747124617279832	5.072651709387179
180:	1.0	6.799999999999999	-0.10196329747247433	0.10196329747247398	0.2039265949449483	5.244395417722618
