1:	0.0	1.0	-0.01721567470863603	0.01721567470863603	0.03443134941727206	0.9369246525099628
2:	0.0	1.2	-0.02065880965036324	0.020658809650363232	0.04131761930072647	1.1243095830119552
3:	0.0	1.4	-0.024101944592090422	0.02410194459209041	0.04820388918418084	1.3116945135139464
4:	0.0	1.5999999999999999	-0.02754507953381767	0.027545079533817664	0.055090159067635334	1.4990794440159396
5:	0.0	1.7999999999999998	-0.030988214475544857	0.030988214475544833	0.06197642895108969	1.6864643745179322
6:	0.0	1.9999999999999998	-0.03443134941727207	0.03443134941727204	0.06886269883454411	1.8738493050199228
7:	0.0	2.1999999999999997	-0.03787448435899925	0.03787448435899925	0.0757489687179985	2.061234235521912
8:	0.0	2.3999999999999995	-0.04131761930072647	0.04131761930072652	0.082635238601453	2.2486191660239054
9:	0.0	2.5999999999999996	-0.04476075424245372	0.044760754242453675	0.08952150848490739	2.4360040965258993
10:	0.0	2.8	-0.048203889184180844	0.04820388918418082	0.09640777836836167	2.623389027027893
11:	0.0	2.9999999999999996	-0.05164702412590814	0.05164702412590805	0.10329404825181618	2.8107739575298876
12:	0.0	3.1999999999999993	-0.055090159067635334	0.05509015906763536	0.1101803181352707	2.9981588880318757
13:	0.0	3.3999999999999995	-0.05853329400936244	0.058533294009362476	0.11706658801872491	3.1855438185338705
14:	0.0	3.5999999999999996	-0.061976428951089714	0.061976428951089665	0.12395285790217939	3.372928749035865
15:	0.0	3.7999999999999994	-0.06541956389281678	0.06541956389281686	0.13083912778563364	3.560313679537856
16:	0.0	3.999999999999999	-0.06886269883454414	0.06886269883454409	0.13772539766908823	3.7476986100398513
17:	0.0	4.199999999999999	-0.07230583377627126	0.07230583377627138	0.14461166755254262	3.935083540541836
18:	0.0	4.3999999999999995	-0.0757489687179985	0.0757489687179985	0.151497937435997	4.122468471043827
19:	0.0	4.6	-0.07919210365972586	0.07919210365972586	0.15838420731945171	4.309853401545822
20:	0.0	4.799999999999999	-0.08263523860145294	0.08263523860145304	0.165270477202906	4.497238332047811
21:	0.0	4.999999999999999	-0.08607837354318011	0.08607837354318013	0.17215674708636025	4.68462326254981
22:	0.0	5.199999999999999	-0.08952150848490743	0.08952150848490735	0.17904301696981478	4.872008193051799
23:	0.0	5.399999999999999	-0.09296464342663456	0.09296464342663473	0.1859292868532693	5.0593931235538
24:	0.0	5.599999999999999	-0.09640777836836177	0.09640777836836177	0.19281555673672354	5.246778054055785
25:	0.0	5.799999999999999	-0.09985091331008897	0.09985091331008884	0.19970182662017782	5.434162984557776
26:	0.0	5.999999999999999	-0.10329404825181628	0.1032940482518161	0.20658809650363236	5.621547915059775
27:	0.0	6.199999999999999	-0.10673718319354342	0.10673718319354329	0.21347436638708672	5.808932845561766
28:	0.0	6.399999999999999	-0.11018031813527067	0.11018031813527072	0.2203606362705414	5.996317776063751
29:	0.0	6.599999999999999	-0.11362345307699777	0.11362345307699773	0.2272469061539955	6.183702706565744
30:	0.0	6.799999999999999	-0.11706658801872488	0.11706658801872495	0.23413317603744982	6.371087637067741
31:	0.2	1.0	-0.015686004115471386	0.0156860041154714	0.031372008230942786	0.8145657800699018
32:	0.2	1.2	-0.019128531581083043	0.01912853158108306	0.03825706316216611	0.9945910582024464
33:	0.2	1.4	-0.022571233146541376	0.022571233146541386	0.04514246629308276	1.1766297574165985
34:	0.2	1.5999999999999999	-0.026014043343691586	0.02601404334369155	0.05202808668738314	1.3599236244179824
35:	0.2	1.7999999999999998	-0.029456925874556904	0.02945692587455691	0.058913851749113816	1.544099908475476
36:	0.2	1.9999999999999998	-0.0328998589925445	0.0328998589925445	0.065799717985089	1.7288905598810551
37:	0.2	2.1999999999999997	-0.03634282887459971	0.03634282887459972	0.07268565774919944	1.914133614773534
38:	0.2	2.3999999999999995	-0.03978582631362584	0.039785826313625844	0.07957165262725169	2.099719635424616
39:	0.2	2.5999999999999996	-0.04322884494012697	0.043228844940127034	0.08645768988025401	2.2855719686630556
40:	0.2	2.8	-0.04667188020721234	0.04667188020721235	0.09334376041442469	2.47163529661763
41:	0.2	2.9999999999999996	-0.050114928782192904	0.05011492878219286	0.10022985756438577	2.65786867914309
42:	0.2	3.1999999999999993	-0.05355798816663874	0.05355798816663874	0.10711597633327748	2.8442411566775467
43:	0.2	3.3999999999999995	-0.0570010564507042	0.05700105645070418	0.11400211290140838	3.0307288765540195
44:	0.2	3.5999999999999996	-0.060444132149440874	0.06044413214944094	0.12088826429888182	3.2173133434028736
45:	0.2	3.7999999999999994	-0.06388721409086	0.06388721409086004	0.12777442818172002	3.403978317332848
46:	0.2	3.999999999999999	-0.06733030133761132	0.06733030133761131	0.13466060267522262	3.5907142525936933
47:	0.2	4.199999999999999	-0.07077339313106076	0.07077339313106079	0.14154678626212155	3.7775102291279135
48:	0.2	4.3999999999999995	-0.07421648885063598	0.07421648885063595	0.14843297770127192	3.96435826440665
49:	0.2	4.6	-0.07765958798378585	0.07765958798378567	0.1553191759675715	4.151251733596557
50:	0.2	4.799999999999999	-0.08110269010345603	0.0811026901034561	0.1622053802069121	4.3381850922188905
51:	0.2	4.999999999999999	-0.0845457948509769	0.08454579485097698	0.16909158970195387	4.5251536642152805
52:	0.2	5.199999999999999	-0.08798890192290151	0.0879889019229015	0.17597780384580303	4.712153478084425
53:	0.2	5.399999999999999	-0.0914320110607713	0.09143201106077123	0.1828640221215425	4.899181138818797
54:	0.2	5.599999999999999	-0.09487512204307741	0.09487512204307734	0.18975024408615476	5.086233726827445
55:	0.2	5.799999999999999	-0.09831823467888473	0.09831823467888468	0.1966364693577694	5.273308717428662
56:	0.2	5.999999999999999	-0.1017613488027331	0.10176134880273298	0.2035226976054661	5.460403916184402
57:	0.2	6.199999999999999	-0.10520446427052647	0.10520446427052645	0.21040892854105292	5.647517406551602
58:	0.2	6.399999999999999	-0.10864758095619133	0.10864758095619133	0.21729516191238266	5.834647507195065
59:	0.2	6.599999999999999	-0.11209069874054357	0.11209069874054346	0.22418139748108704	6.0217927369419835
60:	0.2	6.799999999999999	-0.11553381754336806	0.11553381754336806	0.2310676350867361	6.20895178582684
61:	0.4	1.0	-0.014163661984674517	0.0141636619846745	0.028327323969349016	0.7741758896790515
62:	0.4	1.2	-0.017604346429832968	0.017604346429832992	0.03520869285966596	0.935472850936261
63:	0.4	1.4	-0.021045735801765688	0.0210457358017657	0.04209147160353138	1.1034451954893045
64:	0.4	1.5999999999999999	-0.024487564097395637	0.02448756409739564	0.04897512819479127	1.2758655409150028
65:	0.4	1.7999999999999998	-0.027929684222241576	0.02792968422224155	0.05585936844448312	1.4513841240020111
66:	0.4	1.9999999999999998	-0.03137200823094277	0.031372008230942806	0.06274401646188557	1.6291315602966099
67:	0.4	2.1999999999999997	-0.03481448025272151	0.03481448025272158	0.0696289605054431	1.8085307339013665
68:	0.4	2.3999999999999995	-0.038257063162166066	0.038257063162166045	0.0765141263243321	1.9891887727757365
69:	0.4	2.5999999999999996	-0.041699731281331996	0.04169973128133193	0.08339946256266392	2.1708232871690494
70:	0.4	2.8	-0.04514246629308275	0.04514246629308277	0.09028493258616552	2.353243580987286
71:	0.4	2.9999999999999996	-0.04858525477970999	0.04858525477970994	0.09717050955941993	2.5362934422504506
72:	0.4	3.1999999999999993	-0.05202808668738309	0.05202808668738313	0.10405617337476622	2.7198687297468775
73:	0.4	3.3999999999999995	-0.05547095433408702	0.05547095433408696	0.11094190866817398	2.903861116531466
74:	0.4	3.5999999999999996	-0.05891385174911381	0.05891385174911382	0.11782770349822763	3.0882136867981766
75:	0.4	3.7999999999999994	-0.06235677422164794	0.06235677422164794	0.12471354844329588	3.2728715468928464
76:	0.4	3.999999999999999	-0.065799717985089	0.065799717985089	0.131599435970178	3.4577811197618775
77:	0.4	4.199999999999999	-0.06924267999176215	0.06924267999176217	0.13848535998352432	3.6429266456880303
78:	0.4	4.3999999999999995	-0.07268565774919943	0.07268565774919944	0.14537131549839888	3.8282672296051428
79:	0.4	4.6	-0.07612864919921193	0.07612864919921192	0.15225729839842383	4.013778301992808
80:	0.4	4.799999999999999	-0.07957165262725167	0.07957165262725169	0.15914330525450338	4.199439270886113
81:	0.4	4.999999999999999	-0.08301466659356363	0.0830146665935638	0.16602933318712743	4.385232745876104
82:	0.4	5.199999999999999	-0.08645768988025394	0.08645768988025407	0.17291537976050803	4.571143937350431
83:	0.4	5.399999999999999	-0.0899007214501385	0.08990072145013857	0.17980144290027705	4.757160186384121
84:	0.4	5.599999999999999	-0.09334376041442458	0.0933437604144246	0.18668752082884918	4.94327059325183
85:	0.4	5.799999999999999	-0.09678680600708886	0.0967868060070889	0.19357361201417778	5.129465721207807
86:	0.4	5.999999999999999	-0.10022985756438581	0.10022985756438572	0.20045971512877153	5.31573735829778
87:	0.4	6.199999999999999	-0.10367291450832973	0.10367291450832967	0.2073458290166594	5.502078324338544
88:	0.4	6.399999999999999	-0.10711597633327748	0.10711597633327748	0.21423195266655495	5.688482313363411
89:	0.4	6.599999999999999	-0.11055904259495206	0.11055904259495208	0.22111808518990414	5.874943764144563
90:	0.4	6.799999999999999	-0.1140021129014084	0.11400211290140835	0.22800422580281676	6.061457753114121
91:	0.6000000000000001	1.0	-0.012648758299598736	0.012648758299598753	0.02529751659919749	0.7958156139146464
92:	0.6000000000000001	1.2	-0.01608632724253081	0.016086327242530837	0.032172654485061646	0.9346840928752647
93:	0.6000000000000001	1.4	-0.019525504528630076	0.019525504528630076	0.03905100905726015	1.0836930117753645
94:	0.6000000000000001	1.5999999999999999	-0.02296568064256529	0.022965680642565277	0.04593136128513057	1.2405262010222056
95:	0.6000000000000001	1.7999999999999998	-0.026406519644749517	0.02640651964474949	0.05281303928949901	1.403221704252776
96:	0.6000000000000001	1.9999999999999998	-0.029847821123951485	0.029847821123951485	0.05969564224790297	1.5703088872311666
97:	0.6000000000000001	2.1999999999999997	-0.0332894580859549	0.03328945808595486	0.06657891617190975	1.7407588888284702
98:	0.6000000000000001	2.3999999999999995	-0.036731346146093406	0.036731346146093476	0.07346269229218688	1.9138063764619333
99:	0.6000000000000001	2.5999999999999996	-0.04017342703743787	0.04017342703743785	0.08034685407487571	2.088901600256483
100:	0.6000000000000001	2.8	-0.043615659229919265	0.04361565922991924	0.0872313184598385	2.265628480555057
101:	0.6000000000000001	2.9999999999999996	-0.04705801232245628	0.04705801232245624	0.09411602464491252	2.4436973404366613
102:	0.6000000000000001	3.1999999999999993	-0.050500463566943404	0.05050046356694346	0.10100092713388686	2.6228618848646716
103:	0.6000000000000001	3.3999999999999995	-0.05394299553546432	0.05394299553546431	0.10788599107092864	2.8029387441965836
104:	0.6000000000000001	3.5999999999999996	-0.05738559474324912	0.05738559474324914	0.11477118948649825	2.983783159160987
105:	0.6000000000000001	3.7999999999999994	-0.06082825053600238	0.06082825053600229	0.12165650107200468	3.1652794399026196
106:	0.6000000000000001	3.999999999999999	-0.06427095439767408	0.06427095439767413	0.12854190879534821	3.347334054867054
107:	0.6000000000000001	4.199999999999999	-0.0677136994396242	0.06771369943962423	0.13542739887924843	3.5298653714799286
108:	0.6000000000000001	4.3999999999999995	-0.07115648002956895	0.07115648002956888	0.14231296005913785	3.7128217301509916
109:	0.6000000000000001	4.6	-0.0745992915176299	0.07459929151762983	0.14919858303525974	3.896144299516352
110:	0.6000000000000001	4.799999999999999	-0.07804213003107455	0.07804213003107462	0.15608426006214915	4.079789104479639
111:	0.6000000000000001	4.999999999999999	-0.08148499231846096	0.08148499231846087	0.16296998463692183	4.263718969378186
112:	0.6000000000000001	5.199999999999999	-0.08492787562984352	0.08492787562984357	0.1698557512596871	4.447912374126105
113:	0.6000000000000001	5.399999999999999	-0.08837077762367058	0.08837077762367061	0.1767415552473412	4.632320530197056
114:	0.6000000000000001	5.599999999999999	-0.09181369629368219	0.09181369629368216	0.18362739258736435	4.816931886910373
115:	0.6000000000000001	5.799999999999999	-0.09525662991096658	0.09525662991096663	0.1905132598219332	5.001726164821977
116:	0.6000000000000001	5.999999999999999	-0.09869957697763351	0.09869957697763358	0.19739915395526708	5.18668571066791
117:	0.6000000000000001	6.199999999999999	-0.10214253618947224	0.10214253618947224	0.20428507237894447	5.371795084108366
118:	0.6000000000000001	6.399999999999999	-0.10558550640562755	0.10558550640562751	0.21117101281125505	5.557040720214405
119:	0.6000000000000001	6.599999999999999	-0.10902848662379894	0.10902848662379898	0.21805697324759793	5.742410652319818
120:	0.6000000000000001	6.799999999999999	-0.11247147595982615	0.1124714759598262	0.22494295191965236	5.9278855174439595
121:	0.8	1.0	-0.011141423570387114	0.01114142357038712	0.022282847140774234	0.8481814005341601
122:	0.8	1.2	-0.014574558346905004	0.014574558346904989	0.02914911669380999	0.9742227210700843
123:	0.8	1.4	-0.01801059819187055	0.01801059819187051	0.03602119638374106	1.1060159071834192
124:	0.8	1.5999999999999999	-0.021448436323374384	0.02144843632337441	0.042896872646748796	1.2462454571946406
125:	0.8	1.7999999999999998	-0.024887465361686213	0.024887465361686165	0.04977493072337238	1.3941575844363174
126:	0.8	1.9999999999999998	-0.02832732396934903	0.028327323969348985	0.05665464793869801	1.5483589825215263
127:	0.8	2.1999999999999997	-0.03176778367097826	0.031767783670978246	0.0635355673419565	1.7076216363744694
128:	0.8	2.3999999999999995	-0.035208692859665984	0.035208692859665956	0.07041738571933194	1.870962272204773
129:	0.8	2.5999999999999996	-0.03864994698613253	0.03864994698613255	0.07729989397226508	2.0375910337320056
130:	0.8	2.8	-0.042091471603531376	0.0420914716035314	0.08418294320706277	2.2068981240816203
131:	0.8	2.9999999999999996	-0.04553321225737362	0.04553321225737364	0.09106642451474725	2.3784021841250946
132:	0.8	3.1999999999999993	-0.04897512819479136	0.04897512819479126	0.09795025638958263	2.5517418352613266
133:	0.8	3.3999999999999995	-0.052417188309080494	0.05241718830908046	0.10483437661816095	2.726613470676072
134:	0.8	3.5999999999999996	-0.05585936844448315	0.0558593684444831	0.11171873688896625	2.9027804602331795
135:	0.8	3.7999999999999994	-0.05930164955700297	0.05930164955700306	0.11860329911400602	3.080051769266107
136:	0.8	3.999999999999999	-0.06274401642994175	0.06274401642994173	0.12548803285988347	3.2582717497706692
137:	0.8	4.199999999999999	-0.06618645675827162	0.06618645675827169	0.1323729135165433	3.4373124645122073
138:	0.8	4.3999999999999995	-0.06962896048390498	0.06962896048390518	0.13925792096781014	3.6170614677938278
139:	0.8	4.6	-0.07307151932307347	0.07307151932307342	0.1461430386461469	3.7974437926508755
140:	0.8	4.799999999999999	-0.07651412632433213	0.07651412632433209	0.1530282526486642	3.978377545546318
141:	0.8	4.999999999999999	-0.07995677570647616	0.07995677570647604	0.15991355141295222	4.159799597603385
142:	0.8	5.199999999999999	-0.08339946256266399	0.08339946256266385	0.16679892512532785	4.341656111675741
143:	0.8	5.399999999999999	-0.08684218271546493	0.08684218271546493	0.17368436543092985	4.523900899648706
144:	0.8	5.599999999999999	-0.09028493258616554	0.0902849325861657	0.18056986517233126	4.706494113837699
145:	0.8	5.799999999999999	-0.09372770909121073	0.09372770909121067	0.1874554181824214	4.889401196612267
146:	0.8	5.999999999999999	-0.09717050955941998	0.09717050955941987	0.19434101911883986	5.07258688449962
147:	0.8	6.199999999999999	-0.10061333166527729	0.10061333166527724	0.20122666333055453	5.2560357982524755
148:	0.8	6.399999999999999	-0.10405617337476618	0.10405617337476626	0.20811234674953244	5.439718805972574
149:	0.8	6.599999999999999	-0.10749903290108087	0.1074990329010809	0.21499806580216177	5.623615458213258
150:	0.8	6.799999999999999	-0.11094190866817404	0.11094190866817392	0.22188381733634796	5.807707631181119
1:	0.3	1.0	-0.01492391056197575	0.014923910561975768	0.02984782112395152	0.7851544435339517
2:	0.3	1.2	-0.01836567307304675	0.018365673073046755	0.03673134614609351	0.9568963019680576
3:	0.3	1.4	-0.02180782963090775	0.021807829630907733	0.04361565926181549	1.132814273764507
4:	0.3	1.5999999999999999	-0.02525023178347175	0.02525023178347176	0.050500463566943515	1.311430942438016
5:	0.3	1.7999999999999998	-0.028692797371624626	0.028692797371624577	0.0573855947432492	1.4918865873006206
6:	0.3	1.9999999999999998	-0.03213547719883707	0.03213547719883706	0.06427095439767413	1.6736638145986824
7:	0.3	2.1999999999999997	-0.0355782400147845	0.035578240014784435	0.07115648002956892	1.8564207879333356
8:	0.3	2.3999999999999995	-0.039021065015537336	0.03902106501553733	0.07804213003107466	2.0399015473103854
9:	0.3	2.5999999999999996	-0.042463937814921755	0.04246393781492166	0.08492787562984341	2.223944215129643
10:	0.3	2.8	-0.04590684814684115	0.045906848146841074	0.09181369629368222	2.4084568612160884
11:	0.3	2.9999999999999996	-0.04934978848881676	0.04934978848881674	0.09869957697763351	2.5933358398214628
12:	0.3	3.1999999999999993	-0.052792753202813826	0.05279275320281378	0.10558550640562761	2.7785148542181473
13:	0.3	3.3999999999999995	-0.05623573797991308	0.056235737979913124	0.1124714759598262	2.9639427586982863
14:	0.3	3.5999999999999996	-0.05967873947043874	0.05967873947043877	0.1193574789408775	3.1495794531556345
15:	0.3	3.7999999999999994	-0.06312175503109285	0.0631217550310928	0.12624351006218565	3.33539304634157
16:	0.3	3.999999999999999	-0.06656478254807499	0.06656478254807498	0.13312956509614998	3.5213578518464135
17:	0.3	4.199999999999999	-0.07000782031081847	0.07000782031081842	0.1400156406216369	3.7074529449348312
18:	0.3	4.3999999999999995	-0.07345086692021292	0.07345086692021296	0.14690173384042587	3.893661105033583
19:	0.3	4.6	-0.07689392122080266	0.0768939212208026	0.15378784244160526	4.079968028617533
20:	0.3	4.799999999999999	-0.0803369822499581	0.08033698224995801	0.1606739644999161	4.266361735020523
21:	0.3	4.999999999999999	-0.08378004919926199	0.08378004919926194	0.16756009839852393	4.452832112090447
22:	0.3	5.199999999999999	-0.08722312138481743	0.08722312138481736	0.17444624276963477	4.639370564683191
23:	0.3	5.399999999999999	-0.0906661982241613	0.09066619822416126	0.18133239644832255	4.825969739785456
24:	0.3	5.599999999999999	-0.09410927921813145	0.09410927921813131	0.18821855843626276	5.012623309430817
25:	0.3	5.799999999999999	-0.09755236393648842	0.09755236393648829	0.19510472787297672	5.199325797691252
26:	0.3	5.999999999999999	-0.10099545200641696	0.10099545200641709	0.20199090401283404	5.386072441629771
27:	0.3	6.199999999999999	-0.10443854310325448	0.1044385431032546	0.20887708620650908	5.572859078671522
28:	0.3	6.399999999999999	-0.1078816369429602	0.1078816369429602	0.2157632738859204	5.759682054708288
29:	0.3	6.599999999999999	-0.11132473327595407	0.111324733275954	0.2226494665519081	5.946538148609782
30:	0.3	6.799999999999999	-0.11476783188204472	0.11476783188204477	0.2295356637640895	6.133424509818253
31:	0.5	1.0	-0.013405272702109006	0.013405272702109004	0.02681054540421801	0.7789034108108733
32:	0.5	1.2	-0.016844561096620244	0.01684456109662023	0.033689122193240474	0.9287588469976606
33:	0.5	1.4	-0.020284958398931727	0.020284958398931734	0.04056991679786346	1.0874949851679756
34:	0.5	1.5999999999999999	-0.023726045298168186	0.023726045298168207	0.04745209059633639	1.2525134824049375
35:	0.5	1.7999999999999998	-0.027167590298895466	0.027167590298895445	0.05433518059779091	1.4220336601780785
36:	0.5	1.9999999999999998	-0.03060945512174459	0.030609455121744584	0.061218910243489175	1.5948386470626699
37:	0.5	2.1999999999999997	-0.03405155206505855	0.03405155206505856	0.06810310413011711	1.7701015068497963
38:	0.5	2.3999999999999995	-0.03749382281351058	0.03749382281351055	0.07498764562702112	1.9472590455291983
39:	0.5	2.5999999999999996	-0.04093622709631179	0.04093622709631177	0.08187245419262357	2.125897755920116
40:	0.5	2.8	-0.04437873614737461	0.04437873614737454	0.08875747229474915	2.3057148380965216
41:	0.5	2.9999999999999996	-0.04782132895270759	0.047821328952707604	0.0956426579054152	2.4864859659683494
42:	0.5	3.1999999999999993	-0.05126398975333272	0.05126398975333272	0.10252797950666544	2.668040300868346
43:	0.5	3.3999999999999995	-0.054706706510873955	0.054706706510873955	0.10941341302174791	2.850240606720566
44:	0.5	3.5999999999999996	-0.05814946987064363	0.058149469870643664	0.1162989397412873	3.0329937630950807
45:	0.5	3.7999999999999994	-0.06159227245322663	0.06159227245322656	0.1231845449064532	3.216210588848618
46:	0.5	3.999999999999999	-0.06503510835922885	0.06503510835922881	0.13007021671845764	3.399835912183375
47:	0.5	4.199999999999999	-0.06847797281592785	0.06847797281592785	0.1369559456318557	3.5837898067020597
48:	0.5	4.3999999999999995	-0.07192086192054795	0.07192086192054793	0.1438417238410959	3.7680415257213924
49:	0.5	4.6	-0.07536377245067649	0.07536377245067646	0.15072754490135296	3.9525536015299148
50:	0.5	4.799999999999999	-0.07880670172219097	0.078806701722191	0.15761340344438196	4.137294630947134
51:	0.5	4.999999999999999	-0.08224964748136124	0.08224964748136127	0.1644992949627225	4.322238092223301
52:	0.5	5.199999999999999	-0.0856926078219048	0.0856926078219048	0.1713852156438096	4.507361428909971
53:	0.5	5.399999999999999	-0.08913558112051423	0.0891355811205142	0.17827116224102843	4.692636575328334
54:	0.5	5.599999999999999	-0.09257856598622649	0.09257856598622653	0.18515713197245304	4.87806554114044
55:	0.5	5.799999999999999	-0.09602156122028858	0.09602156122028875	0.19204312244057734	5.06362387800039
56:	0.5	5.999999999999999	-0.09946456578406451	0.09946456578406475	0.19892913156812925	5.2492990886163815
57:	0.5	6.199999999999999	-0.10290757877316496	0.1029075787731648	0.20581515754632976	5.435080242037216
58:	0.5	6.399999999999999	-0.10635059939643536	0.10635059939643543	0.2127011987928708	5.620957734953552
59:	0.5	6.599999999999999	-0.10979362695877258	0.10979362695877255	0.21958725391754513	5.806923095450413
60:	0.5	6.799999999999999	-0.1132366608469762	0.11323666084697619	0.2264733216939524	5.992968820645507
61:	0.7	1.0	-0.011894135754905102	0.011894135754905086	0.023788271509810187	0.820716607437732
62:	0.7	1.2	-0.015329655756612525	0.015329655756612496	0.03065931151322502	0.9508290797860709
63:	0.7	1.4	-0.018767381782952623	0.0187673817829526	0.037534763565905224	1.0904647750353402
64:	0.7	1.5999999999999999	-0.022206475699371626	0.02220647569937163	0.04441295139874325	1.2388530814271024
65:	0.7	1.7999999999999998	-0.025646476508891094	0.025646476508891083	0.05129295301778218	1.394224842568997
66:	0.7	1.9999999999999998	-0.029087109573176995	0.02908710957317699	0.058174219146353984	1.5550293462670024
67:	0.7	2.1999999999999997	-0.03252820101478453	0.032528201014784514	0.06505640202956904	1.7200913298730012
68:	0.7	2.3999999999999995	-0.03596963538850078	0.035969635388500815	0.0719392707770016	1.8884886115298796
69:	0.7	2.5999999999999996	-0.03941133302626576	0.03941133302626578	0.07882266605253155	2.059558216062423
70:	0.7	2.8	-0.04285323717044241	0.042853237170442406	0.08570647434088483	2.232774105861532
71:	0.7	2.9999999999999996	-0.04629530628866555	0.0462953062886656	0.09259061257733114	2.4077425500542207
72:	0.7	3.1999999999999993	-0.049737509288386626	0.04973750928838668	0.09947501857677331	2.5841586013386295
73:	0.7	3.3999999999999995	-0.053179822429948946	0.053179822429948995	0.10635964485989793	2.7617831670377075
74:	0.7	3.5999999999999996	-0.05662222727400841	0.056622227274008397	0.1132444545480168	2.940419639068286
75:	0.7	3.7999999999999994	-0.06006470928027826	0.06006470928027824	0.1201294185605565	3.119930663859524
76:	0.7	3.999999999999999	-0.06350725684464899	0.06350725684464896	0.12701451368929795	3.300184584042126
77:	0.7	4.199999999999999	-0.0669498605337907	0.0669498605337907	0.1338997210675814	3.4810803523536475
78:	0.7	4.3999999999999995	-0.07039251268422565	0.07039251268422568	0.14078502536845133	3.66253444661757
79:	0.7	4.6	-0.07383520695352168	0.07383520695352169	0.14767041390704339	3.8444772475129425
80:	0.7	4.799999999999999	-0.07727793805985107	0.07727793805985107	0.15455587611970215	4.026850271302609
81:	0.7	4.999999999999999	-0.08072070156917012	0.08072070156917015	0.16144140313834027	4.209598460045578
82:	0.7	5.199999999999999	-0.08416349373167002	0.08416349373167008	0.1683269874633401	4.392691688209453
83:	0.7	5.399999999999999	-0.08760631135468588	0.0876063113546858	0.17521262270937168	4.576087223241412
84:	0.7	5.599999999999999	-0.0910491517029205	0.09104915170292037	0.18209830340584088	4.759753955226106
85:	0.7	5.799999999999999	-0.09449201241936989	0.09449201241936989	0.18898402483873977	4.9436649200137435
86:	0.7	5.999999999999999	-0.09793489146210729	0.09793489146210722	0.19586978292421453	5.12779662984939
87:	0.7	6.199999999999999	-0.10137778705333436	0.10137778705333446	0.20275557410666883	5.31213934357257
88:	0.7	6.399999999999999	-0.10482069763800993	0.10482069763800989	0.20964139527601983	5.496652057729458
89:	0.7	6.599999999999999	-0.10826362185001877	0.10826362185001873	0.2165272437000375	5.681331137949064
90:	0.7	6.799999999999999	-0.11170655848432408	0.1117065584843241	0.22341311696864818	5.866162424514718
91:	0.9000000000000001	1.0	-0.010390641771414903	0.010390641771414893	0.020781283542829796	0.8717417785493821
92:	0.9000000000000001	1.2	-0.013821047597440642	0.013821047597440638	0.02764209519488128	1.0014118402925645
93:	0.9000000000000001	1.4	-0.017255162316692284	0.017255162316692274	0.03451032463338456	1.1281537919558562
94:	0.9000000000000001	1.5999999999999999	-0.02069156870619492	0.020691568706194936	0.04138313741238986	1.2613349094716673
95:	0.9000000000000001	1.7999999999999998	-0.024129490863796243	0.024129490863796205	0.04825898172759245	1.402026139353434
96:	0.9000000000000001	1.9999999999999998	-0.02756846798146133	0.027568467981461363	0.0551369359629227	1.5495614760155125
97:	0.9000000000000001	2.1999999999999997	-0.031008208996731616	0.0310082089967316	0.06201641799346322	1.7028163524326507
98:	0.9000000000000001	2.3999999999999995	-0.03444852096384794	0.034448520963847915	0.06889704192769586	1.8607961624487004
99:	0.9000000000000001	2.5999999999999996	-0.03788927092338826	0.03788927092338827	0.07577854184677653	2.022658247269635
100:	0.9000000000000001	2.8	-0.041330364228425245	0.041330364228425204	0.08266072845685045	2.187734997673916
101:	0.9000000000000001	2.9999999999999996	-0.04477173168592722	0.04477173168592723	0.08954346337185445	2.355474438344487
102:	0.9000000000000001	3.1999999999999993	-0.048213321531299834	0.04821332153129985	0.09642664306259968	2.525440030240236
103:	0.9000000000000001	3.3999999999999995	-0.051655094264342186	0.05165509426434219	0.10331018852868437	2.697275121383134
104:	0.9000000000000001	3.5999999999999996	-0.05509701921914024	0.05509701921914033	0.11019403843828057	2.870709564661256
105:	0.9000000000000001	3.7999999999999994	-0.058539072224472466	0.0585390722244725	0.11707814444894496	3.0455048583373543
106:	0.9000000000000001	3.999999999999999	-0.06198123397050428	0.061981233970504306	0.12396246794100858	3.2214720316144043
107:	0.9000000000000001	4.199999999999999	-0.06542348884487886	0.06542348884487874	0.13084697768975762	3.3984549826031523
108:	0.9000000000000001	4.3999999999999995	-0.06886582408798522	0.06886582408798524	0.13773164817597044	3.576323816713014
109:	0.9000000000000001	4.6	-0.07230822916973385	0.0723082291697339	0.14461645833946773	3.7549696827951644
110:	0.9000000000000001	4.799999999999999	-0.07575069532290062	0.07575069532290052	0.15150139064580115	3.934300748370991
111:	0.9000000000000001	4.999999999999999	-0.07919321518898749	0.07919321518898752	0.158386430377975	4.114239042773769
112:	0.9000000000000001	5.199999999999999	-0.08263578254616896	0.08263578254616888	0.16527156509233784	4.294711750858654
113:	0.9000000000000001	5.399999999999999	-0.0860783921148736	0.08607839211487373	0.17215678422974734	4.47567473873899
114:	0.9000000000000001	5.599999999999999	-0.08952103932185307	0.08952103932185317	0.17904207864370625	4.657071626581821
115:	0.9000000000000001	5.799999999999999	-0.092963720277767	0.09296372027776686	0.18592744055553387	4.8388595396084995
116:	0.9000000000000001	5.999999999999999	-0.09640643159651126	0.09640643159651131	0.19281286319302257	5.021001082299289
117:	0.9000000000000001	6.199999999999999	-0.09984917033034525	0.0998491703303454	0.19969834066069064	5.203463492489628
118:	0.9000000000000001	6.399999999999999	-0.1032919339011722	0.10329193390117228	0.20658386780234447	5.386217946520344
119:	0.9000000000000001	6.599999999999999	-0.10673472004435346	0.1067347200443534	0.21346944008870686	5.569238985168012
120:	0.9000000000000001	6.799999999999999	-0.11017752676247015	0.11017752676247011	0.22035505352494028	5.752498431938244
